1034.317811 498.350897 1048.429202 501.923401 3.313195 0.125000 1.508714 
357.555937 286.959841 360.162628 304.443935 5.183600 0.125000 7.698126 
351.638904 268.186922 357.336275 289.909709 4.400555 0.125000 17.337622 
22.869798 763.672799 41.839917 756.778467 4.166232 0.125000 17.443055 
1083.946492 531.352913 1094.898978 548.586412 4.032451 0.125000 7.595134 
182.486227 363.018998 188.037328 329.567885 5.756411 0.125000 48.663350 
967.539327 628.820165 955.977421 641.024682 6.256595 0.125000 11.573931 
955.259723 641.049355 951.818158 658.362184 5.147759 0.125000 20.031071 
1061.973083 514.043883 1049.119807 510.236502 6.214192 0.125000 4.004115 
547.020361 88.202307 555.744774 70.684652 5.594559 0.125000 8.426325 
753.707789 387.982003 759.104967 362.799226 5.064006 0.125000 21.739181 
3.180830 760.255183 22.066532 763.106293 6.926349 0.125000 12.919861 
1032.988431 506.104274 1017.797155 501.775540 4.123490 0.125000 1.428468 
165.325499 374.692461 182.554206 364.245074 7.743483 0.125000 31.570496 
958.717519 546.050756 949.900514 584.207591 7.021217 0.125000 54.978592 
360.205452 318.103417 360.466011 328.129132 3.813685 0.125000 1.987028 
951.157558 675.566591 952.142186 705.616245 4.362034 0.125000 28.534928 
1088.720043 544.843511 1079.251777 531.607309 3.784683 0.125000 9.690648 
855.573840 318.917887 885.479049 315.570921 4.013828 0.125000 23.139546 
954.584587 668.951784 951.257029 677.132095 3.944606 0.125000 1.136791 
199.070144 321.816742 201.506855 309.065772 3.972612 0.125000 10.726799 
475.548267 181.495172 488.043369 178.970922 3.923267 0.062500 0.513439 
966.569508 621.840524 966.428596 628.198221 3.748772 0.125000 0.720262 
230.590719 249.580781 244.366908 249.128512 2.867790 0.125000 4.573438 
205.275548 300.839816 208.930188 285.518895 7.061020 0.125000 5.219122 
528.027772 96.426002 536.644408 94.560126 3.569151 0.062500 0.150623 
953.964115 511.954861 955.973497 522.293172 6.646757 0.125000 4.482363 
411.821050 309.432114 412.422279 296.841444 4.163085 0.125000 0.597855 
952.304783 659.006226 954.367303 668.401110 3.543510 0.125000 0.272945 
1105.647974 521.558137 1084.318576 522.083280 3.748864 0.125000 15.063733 
209.415343 285.384423 212.858449 268.071988 4.423168 0.125000 23.664570 
687.847546 236.487426 696.525894 258.264124 3.929080 0.125000 11.987440 
466.732992 208.109029 468.707770 190.549960 3.462240 0.125000 2.674165 
957.825543 603.890912 966.495517 621.430469 4.558808 0.125000 26.959200 
727.533008 370.489919 732.659858 395.463878 5.149227 0.125000 11.824156 
65.379047 713.093102 71.554593 708.002774 3.975303 0.062500 0.646340 
1131.770155 838.150731 1143.556926 839.119416 7.577184 0.125000 2.466428 
252.847711 235.795673 263.148152 234.569481 4.617936 0.062500 1.934565 
712.481996 323.097721 713.437588 344.360952 3.802338 0.125000 12.134655 
1046.837969 825.743874 1059.297094 829.625086 2.936418 0.125000 2.002335 
148.282383 441.637625 152.544290 422.020405 7.805160 0.125000 25.429834 
897.933429 336.490002 914.215333 340.095945 3.390997 0.125000 4.936851 
136.048918 497.070217 139.296872 469.220110 8.401502 0.125000 47.685380 
490.982257 160.246557 503.925234 129.714228 5.228911 0.125000 19.011995 
883.579022 315.454998 896.778935 319.675452 3.142608 0.125000 4.549350 
1111.903328 470.096848 1096.779455 470.690375 3.747116 0.125000 11.382779 
1080.465685 833.162249 1122.007596 838.303642 4.986674 0.125000 50.454705 
155.010764 407.113456 162.409303 387.387725 9.070644 0.125000 31.043238 
826.872602 854.375018 826.678387 828.107969 3.740655 0.125000 13.506463 
697.286200 264.269003 695.692139 276.883484 3.107128 0.125000 2.839270 
594.843429 73.528742 603.559117 90.400745 6.700258 0.125000 12.995219 
212.273255 267.631508 226.594530 260.092232 4.541342 0.125000 15.644903 
125.429116 578.500275 109.581977 570.228473 4.627300 0.125000 15.777117 
104.242207 642.447935 118.191122 639.712134 3.463047 0.125000 7.126586 
1013.454990 734.325409 1015.925929 750.767627 3.586825 0.125000 10.535988 
1085.619261 518.824675 1105.630120 518.615979 2.538971 0.125000 11.011339 
828.552367 311.054733 848.633417 320.889237 4.628620 0.125000 11.281443 
979.123126 745.406717 987.907860 735.270112 3.904486 0.125000 3.314721 
141.900985 460.932231 145.019790 447.979278 6.121166 0.125000 12.134655 
759.237103 363.393978 765.078421 339.242802 3.859690 0.125000 11.198195 
950.294343 706.141746 958.571180 716.519134 4.106755 0.125000 6.430521 
138.772965 469.970608 140.894659 463.209623 3.520612 0.062500 2.526442 
809.439044 301.734672 826.755183 309.637534 4.128873 0.125000 4.118136 
488.860368 176.638223 494.480262 164.423430 3.304189 0.125000 1.341875 
71.709484 708.322644 94.342372 710.910376 6.209545 0.125000 17.994189 
557.007480 73.263024 566.583688 64.071496 7.178261 0.125000 9.198683 
676.342629 205.344391 679.936552 230.544915 3.716666 0.125000 13.792054 
663.615911 196.155354 672.767923 202.398454 4.178471 0.125000 2.166248 
767.059509 786.878864 767.426347 769.360370 2.525621 0.125000 2.166248 
343.708180 264.223290 352.675949 267.954322 4.855819 0.125000 0.107827 
585.051132 70.413247 593.764980 74.443823 4.932077 0.125000 1.508714 
118.375643 616.799604 120.734080 585.538924 4.985831 0.125000 28.419512 
118.908331 638.193390 120.453011 620.500851 4.437452 0.125000 15.063733 
772.078530 739.845665 777.919159 721.808347 4.020666 0.125000 6.289219 
953.495445 595.420669 957.833652 603.285702 7.283872 0.125000 4.221411 
918.249935 360.386175 921.099708 376.792544 7.013479 0.125000 3.611449 
628.844657 611.893122 628.459241 600.613579 1.830126 0.062500 2.754538 
270.079731 227.750809 277.388074 232.300902 3.703777 0.125000 0.272945 
438.314952 235.956581 440.690550 225.640094 4.591987 0.125000 0.904350 
93.938397 658.545144 102.670338 641.640153 5.626405 0.125000 4.200794 
420.085693 276.158015 424.629362 259.444149 5.480716 0.125000 6.414076 
387.597865 349.679836 398.883585 322.917768 3.996389 0.125000 26.274443 
135.418473 515.691298 136.545991 497.945255 4.989938 0.125000 13.341319 
343.169292 314.002118 325.766355 311.934961 3.428940 0.125000 2.159417 
528.302627 260.088446 510.358832 264.555927 3.034925 0.125000 2.945736 
534.597924 736.962986 539.540495 724.440319 3.243247 0.125000 1.341875 
1074.418880 524.320724 1062.581745 514.750818 3.474729 0.125000 6.326017 
473.149362 740.393274 500.738670 743.293785 4.185325 0.125000 8.001081 
991.720838 566.788292 970.607502 569.223280 1.762469 0.125000 0.288918 
152.080164 421.584278 155.398138 409.659684 4.282913 0.125000 6.326017 
973.482545 735.401403 979.945706 745.736390 5.433538 0.125000 0.132607 
1052.256021 769.052365 1045.425368 760.985587 5.138959 0.125000 1.922904 
581.946676 56.833690 589.224694 69.461628 4.332016 0.125000 4.528391 
637.680464 143.492102 647.908920 153.349220 5.302395 0.125000 2.229191 
329.604231 251.557608 343.022000 261.248358 4.954168 0.125000 1.452235 
110.733554 569.563214 112.163486 559.241792 4.229133 0.125000 5.406925 
415.977650 286.164945 419.204802 276.405389 3.952836 0.125000 0.379290 
708.430110 303.081621 710.172092 315.333954 3.888614 0.125000 3.730024 
1063.194185 827.907657 1074.492994 831.504325 2.648845 0.125000 0.377223 
655.679645 697.269630 624.397604 695.271183 3.981452 0.125000 35.190429 
549.364947 600.837572 533.033244 600.065213 3.273422 0.125000 0.381887 
998.023424 753.683469 981.936892 756.046358 3.053314 0.125000 1.508714 
999.544290 445.977164 1007.588871 442.110024 6.716084 0.125000 1.141867 
569.562437 236.140833 586.590774 240.488276 4.226174 0.125000 1.505681 
707.889066 290.635219 707.788301 300.634204 3.762406 0.125000 2.869435 
744.606772 670.798538 720.622933 665.634598 2.970206 0.125000 7.354752 
955.635637 523.116611 955.673256 534.374839 7.533372 0.125000 1.424230 
769.596281 844.369821 769.010774 819.354268 2.908804 0.125000 3.598933 
529.150554 787.744437 533.697582 770.127522 3.397095 0.125000 1.906040 
1015.440019 768.261500 1023.899642 779.725772 5.458982 0.125000 6.289219 
858.085686 485.731985 869.211358 489.820323 3.830868 0.125000 3.730024 
623.542028 595.781680 639.134247 601.729065 2.074253 0.125000 0.272945 
1077.613924 841.458372 1088.223301 847.964708 5.981385 0.125000 1.909191 
536.852016 235.763797 569.363962 235.091331 3.930142 0.125000 18.664356 
599.604754 486.814901 566.585757 481.024317 5.636902 0.125000 42.130294 
654.190648 605.970064 637.459314 597.031298 4.107962 0.125000 4.118136 
663.400839 618.350933 659.569198 601.829960 2.315005 0.125000 2.839270 
897.303385 321.825622 896.471004 335.675844 4.268163 0.125000 4.124389 
616.833803 312.119520 639.327117 315.909203 2.686344 0.125000 5.120085 
441.474908 225.347497 451.927017 210.278076 6.013973 0.125000 13.827696 
130.775050 697.339394 117.993856 701.469120 2.763227 0.125000 2.869435 
80.667904 705.635181 83.114293 695.325836 5.668935 0.125000 3.189473 
618.104667 581.922200 607.707215 577.443140 5.422207 0.125000 5.120085 
589.459295 209.093474 577.300788 205.452962 6.345916 0.125000 4.424815 
436.839832 788.868371 466.772836 790.284481 4.285567 0.125000 16.038862 
634.351844 652.119204 607.983346 649.618887 3.261261 0.125000 12.334619 
565.623329 354.992234 558.120000 354.971919 1.891912 0.062500 0.118202 
219.450050 346.379989 206.826278 347.634865 3.353904 0.125000 1.341875 
379.692346 723.248011 373.821088 738.394820 4.400063 0.125000 9.344378 
658.217972 321.099548 687.151535 324.568491 5.262049 0.125000 11.780618 
41.042383 755.721183 44.913401 738.922965 4.120329 0.125000 2.330082 
293.187902 295.952474 273.110782 294.583520 3.741313 0.125000 3.816333 
645.762289 181.110790 628.156800 177.947989 2.440913 0.125000 2.049731 
121.538774 546.720844 135.292654 516.722623 4.356389 0.125000 23.560685 
278.856733 509.685661 282.419213 486.960312 3.704755 0.125000 13.133335 
394.371132 720.570664 381.845626 721.462409 3.203834 0.125000 2.869435 
1023.718997 799.149984 1027.659241 809.551437 2.940191 0.125000 2.142290 
402.608654 673.099108 401.914618 686.939668 5.244136 0.125000 0.786707 
950.230799 584.083970 954.088728 595.727322 6.697852 0.125000 24.346238 
504.820179 276.969330 502.177915 289.439185 2.857148 0.125000 1.136852 
605.952033 576.963366 590.749329 572.683377 8.235585 0.125000 22.512515 
153.128545 676.412693 134.373299 676.497103 2.567483 0.125000 11.011339 
710.240340 437.588551 724.549077 445.302084 3.386913 0.125000 1.922904 
1040.961452 843.511906 1032.758821 840.314351 4.204555 0.125000 0.288918 
978.927315 783.159396 977.576014 765.571141 2.297471 0.125000 2.049731 
851.190053 575.654670 850.374691 556.831696 2.251330 0.125000 0.520470 
914.429542 407.824987 896.609515 404.585319 2.571603 0.125000 0.698491 
1088.337289 854.065874 1079.740890 848.162406 4.506512 0.125000 6.266037 
382.706929 750.787414 379.324123 768.115067 2.903414 0.125000 3.957772 
634.409621 240.412411 655.308915 243.815924 4.074849 0.125000 4.004115 
845.593060 608.832874 863.170078 609.625979 3.577154 0.062500 2.299046 
149.187098 788.705916 130.382878 782.623543 4.407860 0.125000 11.757011 
995.255138 729.357568 1012.227431 734.450520 5.149192 0.125000 3.539712 
1060.652754 842.671293 1052.328357 829.894013 3.872002 0.125000 0.381887 
115.841666 680.379914 95.442410 684.778136 3.329559 0.125000 8.145269 
639.429415 326.625467 629.362941 324.430298 2.286600 0.062500 2.526442 
512.251105 298.246817 504.458292 322.306841 4.539994 0.125000 17.885108 
725.609965 354.192788 727.494871 366.967972 3.162472 0.125000 5.478902 
634.368842 743.267747 611.856811 742.296661 1.764937 0.125000 1.213183 
965.222148 723.514983 973.937821 732.299043 6.232040 0.125000 5.792775 
689.381369 659.348177 676.705573 656.338593 2.337410 0.125000 0.377223 
600.919063 648.475106 581.674235 645.842794 3.715406 0.125000 4.274120 
624.183695 197.821941 643.116677 199.470585 4.872714 0.125000 10.931999 
724.352041 832.081668 701.851996 829.582075 2.346697 0.125000 3.314721 
785.700293 371.068967 806.766474 373.036801 2.721681 0.125000 7.965713 
1067.874911 841.814203 1075.787745 841.041431 6.706397 0.125000 0.864389 
846.295467 692.288011 831.630572 689.341545 3.032670 0.125000 0.904350 
653.142683 451.853753 664.705881 461.477434 2.270812 0.125000 0.272945 
501.907221 742.987223 514.313358 745.888578 2.457175 0.125000 0.377223 
1101.759439 843.804444 1117.647728 855.049353 5.525497 0.125000 8.101489 
571.931150 399.060715 588.327759 401.990102 4.131231 0.062500 2.605455 
1086.903048 848.140436 1103.144665 848.509424 5.055492 0.125000 7.324510 
201.885023 807.893950 216.856848 808.543435 2.443476 0.125000 3.026197 
149.311329 804.654979 124.459515 799.003363 3.269324 0.125000 7.115413 
735.150896 546.904674 735.775119 530.582935 2.641487 0.125000 6.266037 
447.584851 698.082712 446.402438 713.185865 4.226375 0.125000 10.594077 
80.697988 793.469656 67.974455 796.164105 2.677608 0.125000 0.288918 
1027.372909 810.364175 1031.532374 818.304482 4.007459 0.125000 1.136791 
518.155117 279.748817 538.226253 278.131760 4.340184 0.125000 10.968232 
83.454191 694.669753 90.518713 686.779832 5.392663 0.125000 4.316215 
687.243502 485.107444 672.803706 474.826254 2.900033 0.125000 2.508024 
559.521780 223.943590 544.332170 225.021390 3.118149 0.125000 0.904350 
560.599292 152.064558 577.055197 154.296310 5.290617 0.125000 7.115413 
229.065227 620.619396 228.816161 634.387503 2.567213 0.125000 3.910915 
1087.689554 843.623836 1078.298539 835.426198 3.219113 0.125000 0.520470 
112.128898 554.557795 118.411584 545.831328 6.086630 0.125000 0.543911 
1115.562444 848.212016 1103.174473 839.306183 2.260756 0.125000 0.288918 
581.800864 280.635351 598.141380 281.596524 4.110529 0.125000 1.281546 
614.367016 625.861849 633.137823 626.494570 1.754619 0.125000 2.049731 
525.628946 317.245116 510.630650 317.405010 3.124787 0.125000 2.869435 
107.341198 686.409147 96.718485 704.281975 3.193250 0.125000 5.000143 
174.370339 774.895892 210.626848 774.664117 2.635790 0.125000 20.863785 
400.154885 703.000223 395.486708 720.588295 3.206688 0.125000 6.569518 
514.349921 748.441263 494.277893 746.849574 4.391473 0.125000 10.422783 
872.951398 670.528373 890.799624 673.214836 3.947775 0.125000 1.593113 
168.110707 806.453457 190.627204 805.690012 3.049221 0.125000 0.674955 
526.899302 297.986310 514.346653 295.786773 5.356452 0.125000 4.757293 
693.226011 637.915041 691.155898 649.243596 2.577820 0.125000 0.377223 
111.523148 707.068650 131.024948 700.572929 7.114769 0.125000 17.163233 
664.391758 674.152281 654.261005 673.389996 2.833057 0.062500 0.445356 
966.266550 794.437213 963.571494 768.079347 3.150734 0.125000 14.387993 
378.730604 810.203710 394.099908 786.695151 3.741820 0.125000 15.835527 
534.610330 721.513969 506.790966 717.450284 3.613501 0.125000 8.607017 
579.141049 154.591877 589.476240 156.240225 4.278215 0.125000 0.698491 
674.384846 629.338411 686.981787 632.728160 2.414123 0.125000 0.377223 
514.321123 648.442148 499.329079 645.895313 1.839689 0.125000 0.720262 
730.843264 556.802951 728.479656 590.649767 3.218418 0.125000 14.305947 
780.165629 823.044730 778.807533 851.965749 3.645917 0.125000 9.961688 
548.234278 684.394014 550.877709 669.201476 5.140265 0.125000 3.688956 
167.351143 706.140763 153.986555 697.474003 3.826457 0.125000 4.528391 
564.693036 676.593829 581.967061 680.181778 4.481428 0.125000 0.386947 
643.086665 205.833032 660.903045 209.116139 4.270839 0.125000 4.862226 
921.634357 554.359554 922.683344 538.016421 3.099199 0.125000 3.957772 
430.755120 641.694307 419.519386 643.061544 3.118564 0.125000 2.002335 
869.848639 490.381657 875.726753 501.822722 3.914248 0.125000 0.904350 
914.190481 709.266482 925.570107 707.720854 4.161273 0.125000 0.107827 
290.578662 407.883288 271.568775 411.527660 2.792419 0.125000 0.597855 
421.293548 519.333148 423.275650 491.795870 4.458254 0.125000 19.168030 
596.856066 621.346570 609.380243 621.675211 3.847078 0.062500 0.912709 
335.051240 783.657890 326.709020 794.244204 2.885312 0.125000 0.379290 
685.222695 445.658087 686.660694 463.142625 4.778257 0.125000 4.735787 
148.436703 699.713770 163.556997 708.643521 5.627243 0.125000 6.734636 
498.509096 602.538471 481.923717 605.867695 5.394228 0.125000 7.698126 
639.053899 264.354178 639.704862 254.315334 2.734798 0.125000 0.377223 
601.901384 663.991996 615.672145 664.940625 3.545661 0.062500 0.135571 
750.646593 818.026942 724.297991 812.224708 2.172681 0.125000 7.259321 
825.691967 383.654364 844.396602 385.392540 3.414564 0.125000 5.926719 
545.625830 247.263613 575.628364 247.199519 2.521357 0.125000 8.145269 
688.118539 725.669014 708.920346 728.722411 5.820665 0.125000 11.230556 
897.037231 772.021693 894.961203 756.627376 4.523344 0.125000 1.593113 
846.833017 391.050634 871.714243 393.504809 3.101422 0.125000 4.565218 
542.103413 500.797948 519.386164 504.444549 4.495062 0.125000 12.033764 
1060.721938 529.941942 1073.282192 527.794336 2.496156 0.125000 0.377223 
438.805295 723.074958 439.733297 735.690593 3.923299 0.125000 0.344626 
806.853609 394.594367 786.800504 392.638983 1.863199 0.125000 5.235712 
548.069703 132.294051 534.380326 133.205041 4.905965 0.125000 4.221411 
1075.678083 529.706939 1064.318788 531.523495 2.418654 0.062500 0.823245 
382.769184 505.780169 387.199897 480.247551 4.875648 0.125000 12.995219 
534.368331 193.176376 545.431915 194.612491 4.201522 0.125000 1.341875 
303.131966 549.578635 290.603866 550.007187 1.591143 0.062500 0.172334 
829.387357 696.829884 845.777280 701.319024 2.971876 0.125000 0.344626 
681.878224 694.278126 694.364394 694.693682 2.748088 0.125000 4.796379 
901.994519 504.039466 920.608955 510.670046 2.435853 0.125000 1.508714 
500.561236 230.380584 513.090122 231.175041 2.732300 0.125000 0.272945 
175.313899 679.057233 159.566225 673.801984 3.954208 0.125000 0.543911 
509.115527 182.147366 518.239624 183.702482 3.486668 0.125000 1.259270 
550.635519 462.127985 559.422302 461.762639 5.047612 0.125000 3.730024 
130.603675 766.977413 158.457672 772.777354 2.806130 0.125000 10.531974 
361.659657 397.586311 356.152451 405.596971 4.994690 0.125000 2.322141 
582.990553 191.195561 605.423157 196.481573 4.153541 0.125000 7.996953 
948.959116 568.124587 948.974013 553.124602 2.506206 0.125000 1.136852 
791.893366 395.455003 804.382639 396.804291 2.048349 0.062500 1.348545 
474.332607 792.600907 490.672878 793.555182 4.253754 0.125000 2.947883 
804.405264 376.547922 786.939138 374.931824 3.273380 0.125000 8.817882 
471.877791 647.724499 446.861583 647.550156 2.578341 0.125000 7.547690 
526.904098 150.266028 506.833326 148.639115 1.765835 0.125000 0.379290 
1136.906344 850.588774 1130.143219 844.737120 3.171701 0.125000 1.623352 
290.998484 520.746629 281.206615 550.814409 4.863692 0.125000 18.522869 
594.208582 263.544026 581.696380 258.574749 3.619358 0.125000 0.698491 
443.219431 503.142803 446.989305 483.146550 2.456721 0.125000 4.655191 
223.239032 716.490981 233.110928 719.422389 3.325682 0.125000 1.136791 
302.649666 792.084248 305.736805 780.655200 2.467344 0.125000 0.377223 
596.625971 161.109444 555.681611 155.230716 4.955494 0.125000 35.511851 
522.294177 803.302305 528.555472 788.499623 4.650019 0.125000 4.274120 
156.837079 659.114014 146.688095 660.588640 3.192961 0.062500 0.089216 
951.909671 831.125265 908.195352 829.103701 3.017031 0.125000 29.521866 
1104.381772 853.648256 1089.359780 853.508268 2.628021 0.125000 4.796379 
372.495808 583.122047 372.431255 596.877610 2.552767 0.125000 2.002335 
875.492750 825.022286 861.803419 822.225348 3.897898 0.125000 5.603906 
405.023987 776.280274 420.108054 761.340936 4.381019 0.125000 4.208865 
787.366183 490.614190 787.641767 503.135635 3.151597 0.125000 0.272945 
538.073836 111.753330 525.665456 116.971207 2.854079 0.125000 1.136852 
140.338858 540.578672 143.227534 522.736839 4.900472 0.125000 5.781994 
707.148544 790.370309 698.098161 780.649989 2.762289 0.125000 1.136852 
729.453398 594.278413 727.798847 614.348112 4.456235 0.125000 9.899615 
815.149421 839.199330 810.336122 852.230021 2.508936 0.125000 1.136791 
139.580284 550.622493 139.457796 540.593455 5.091220 0.125000 5.489548 
697.857230 616.220851 709.553780 621.477173 3.817458 0.125000 4.573438 
625.464077 424.624558 643.517634 436.266108 3.524694 0.125000 0.786707 
229.553218 741.367872 205.658954 743.504683 3.067052 0.125000 2.229191 
506.091900 546.738444 510.864095 563.055071 4.504836 0.125000 5.792775 
590.549505 503.674890 569.355755 500.765179 4.273458 0.125000 14.136673 
649.552639 311.233604 660.587899 312.270029 5.211862 0.125000 0.864389 
300.747195 599.690995 318.493692 592.828433 2.331732 0.125000 1.341875 
948.687677 780.740448 951.300274 768.007079 3.485631 0.125000 2.166248 
548.152206 479.066547 534.289547 477.843853 2.194805 0.125000 0.377223 
760.678173 716.571406 740.636181 713.061160 1.859460 0.125000 3.737967 
183.150677 792.089553 155.574642 791.405712 3.593905 0.125000 3.172916 
331.072412 535.561251 332.461558 518.072303 2.987029 0.125000 3.957772 
123.107160 552.916222 138.104466 551.634692 5.513972 0.125000 7.595134 
481.035773 425.446291 484.508685 409.137287 5.071567 0.125000 11.757011 
555.649985 278.871370 569.489949 279.557981 5.241607 0.125000 2.641427 
304.420728 601.154464 288.183885 602.556797 2.705845 0.062500 0.307288 
443.155959 488.396790 439.748918 504.454337 3.557788 0.125000 2.945736 
310.605538 327.345170 326.876600 326.939103 3.935947 0.125000 1.141867 
765.541746 754.450752 758.411457 746.614354 3.422409 0.125000 0.272945 
920.272665 639.529460 928.634587 658.603615 3.873966 0.125000 4.424815 
370.648953 749.451297 347.667057 756.666321 4.160356 0.125000 5.625941 
359.406182 762.516520 370.690605 763.094797 4.000978 0.125000 0.520470 
758.093848 540.693130 759.080675 523.038677 4.511538 0.125000 1.077242 
368.488147 419.756082 360.785921 418.436049 4.910185 0.125000 1.136852 
366.986645 598.219707 365.509741 619.453925 3.394035 0.125000 5.519446 
142.773947 566.891462 142.069350 551.865886 2.555808 0.125000 2.869435 
274.247286 480.434906 272.653973 491.982481 4.227367 0.125000 1.704495 
896.774201 840.910764 916.816520 838.815588 2.616415 0.125000 1.922904 
235.642509 404.093330 220.622845 403.159661 1.710509 0.125000 0.720262 
769.329056 764.090416 767.238103 755.243736 3.886378 0.125000 0.272945 
594.278813 287.483026 579.259202 285.106998 2.453940 0.125000 1.136852 
415.134026 593.126575 414.997694 550.627012 2.564144 0.125000 26.785131 
972.370562 833.102222 972.949179 845.690537 5.052122 0.125000 0.543911 
233.994443 720.736117 245.725376 724.015991 5.200075 0.062500 1.337136 
359.295603 426.215222 376.814877 428.571938 2.644333 0.125000 2.993380 
507.979216 385.613389 506.190544 408.070484 2.944192 0.125000 4.757293 
129.165899 597.468599 120.677880 616.336456 5.301264 0.125000 8.040733 
370.031775 588.149314 370.772876 568.130474 1.919532 0.125000 2.002335 
741.950866 600.623814 741.618367 579.359467 1.425736 0.125000 0.720262 
521.830542 214.468646 523.389813 194.395571 2.686107 0.125000 4.936851 
825.852296 481.759369 812.879473 479.600166 3.904340 0.125000 7.965713 
774.192294 477.498103 764.303626 480.380104 5.849550 0.125000 2.410685 
75.578930 730.037719 91.837256 731.167949 2.407294 0.125000 0.379290 
402.111208 708.164640 403.811897 698.030501 3.293040 0.125000 2.142290 
210.729774 774.919252 233.289285 778.268389 3.622736 0.125000 7.595134 
633.020371 446.951164 611.803815 445.277265 2.720843 0.125000 3.735459 
234.434322 763.862818 216.737389 761.813127 2.430755 0.125000 2.888736 
1002.400230 821.746912 991.588657 817.626301 4.300172 0.125000 1.704495 
456.972181 292.453299 440.523929 290.073594 2.640343 0.125000 2.888736 
570.555274 198.475025 595.559089 203.455874 2.696033 0.125000 11.432159 
794.160762 788.259031 792.778352 773.156731 1.864592 0.125000 0.720262 
808.118571 402.979278 798.082957 403.422016 3.966726 0.125000 0.288918 
865.722907 625.536368 840.674055 623.704301 3.405151 0.125000 1.426645 
511.740416 152.670736 524.514070 153.511086 4.414814 0.125000 0.097357 
234.415178 346.443121 220.637021 347.119772 4.052057 0.125000 2.508024 
261.844006 774.742773 289.359271 777.061634 2.806086 0.125000 10.531974 
478.125969 302.864851 458.126246 302.790366 2.541881 0.125000 4.655191 
788.582654 546.852807 789.435142 564.432699 2.981419 0.125000 0.597855 
469.363425 200.905399 484.389420 201.525694 1.764515 0.125000 5.235712 
790.719539 773.128704 790.132767 788.105715 2.019889 0.125000 0.720262 
384.717614 478.176533 386.951538 463.324528 4.014763 0.125000 4.316215 
572.077845 720.517050 579.435616 734.342741 4.413875 0.125000 3.230279 
912.189056 778.306856 913.513018 766.920116 4.013641 0.125000 0.107827 
145.098956 520.390746 151.243016 506.593569 4.826297 0.125000 6.809079 
741.900702 839.232231 755.654998 841.708367 2.361834 0.125000 0.272945 
820.139532 815.744404 822.515736 800.529845 4.090857 0.125000 3.446023 
702.724838 546.006613 711.262416 554.959187 3.035337 0.125000 1.136791 
383.764337 461.679818 378.472582 478.236095 4.333105 0.125000 8.938389 
446.311996 245.455982 441.767810 260.592821 2.275451 0.125000 0.288918 
158.456582 610.132660 141.604823 617.507648 4.938886 0.125000 2.466428 
198.113321 757.924878 224.401783 758.217313 3.749768 0.125000 18.332305 
128.119089 620.622873 131.336850 611.681338 6.525578 0.125000 0.674955 
606.000815 201.950682 616.568526 205.332648 2.934601 0.125000 1.259270 
778.020599 769.480980 788.051138 768.565617 3.956509 0.125000 2.839270 
638.306209 580.665579 627.993794 579.905763 3.733104 0.125000 2.839270 
702.983624 514.351653 700.070872 531.989915 4.322193 0.125000 4.118136 
450.530985 308.608370 473.147885 313.007337 2.158620 0.125000 3.957772 
940.229205 543.443739 931.291297 532.345064 1.890732 0.062500 0.823245 
726.911735 570.652225 727.361147 549.411734 5.263300 0.125000 4.880889 
295.834929 285.942466 307.077952 288.473461 3.658445 0.125000 2.049731 
270.659024 689.708357 260.121119 703.687449 3.255500 0.125000 0.097357 
484.596024 275.649246 486.522622 258.086345 3.455032 0.125000 3.735459 
655.946972 492.585170 667.482825 507.659864 2.511991 0.125000 0.107827 
509.379223 236.804109 491.866907 235.760843 2.139806 0.125000 2.869435 
278.149144 246.568071 259.319004 245.086850 2.492301 0.125000 8.973860 
138.053144 613.111287 143.106436 586.632900 4.386504 0.125000 6.259101 
565.809060 192.232132 553.077073 189.607493 3.899406 0.125000 2.322141 
147.768769 501.200161 137.883847 506.418162 3.336470 0.125000 1.136791 
751.509585 426.799786 746.863379 449.372608 2.232361 0.125000 2.508024 
918.122129 839.447375 933.148070 840.043430 1.645390 0.125000 0.720262 
264.376786 281.849236 290.673738 283.671763 2.666867 0.125000 13.955616 
459.305329 821.488940 428.056939 818.968979 2.592388 0.125000 9.162107 
890.697831 827.383932 920.646484 826.143865 3.170138 0.125000 11.703429 
460.645252 299.086186 483.035157 300.656227 2.493876 0.125000 3.957772 
129.872913 609.534770 138.443192 582.826003 3.233231 0.125000 9.672082 
374.886184 538.907647 380.555660 526.149670 5.203826 0.125000 3.071224 
842.071842 776.713036 855.824018 774.225062 4.462846 0.125000 1.906040 
687.156553 341.211229 674.201360 339.305267 3.892005 0.125000 2.508024 
425.738620 480.754955 428.012399 500.637877 3.405377 0.125000 2.474530 
513.621073 555.642763 513.773914 540.618885 5.637392 0.125000 2.957018 
823.335439 788.712496 807.906865 783.811732 5.522213 0.125000 8.633493 
226.724155 680.251055 210.498047 681.758271 5.094181 0.125000 2.879079 
282.391705 723.671998 273.399813 732.165925 3.634746 0.125000 2.888736 
936.015377 476.565800 926.684791 464.785586 3.104452 0.125000 1.508714 
586.371857 570.695129 539.211015 561.462658 7.204456 0.125000 72.651713 
520.471714 194.366499 519.569488 210.635785 3.049872 0.125000 0.698491 
284.747464 505.609021 284.700314 511.886832 3.778058 0.125000 0.720262 
252.071643 696.958770 251.174736 685.680690 3.086703 0.125000 3.026197 
563.341293 500.733612 553.979961 498.959644 5.843503 0.125000 2.945736 
481.789556 747.519670 457.961121 744.361452 6.613787 0.125000 33.142808 
1016.103966 823.357031 1002.621385 820.509685 5.666957 0.125000 17.339216 
579.246486 252.722635 564.213024 250.443345 5.318258 0.125000 2.552624 
250.689062 714.396060 250.970092 696.860498 4.999358 0.125000 8.913147 
384.038489 444.341894 384.490905 456.825498 2.815259 0.125000 1.213183 
340.497660 283.732723 351.776307 286.096006 3.215920 0.125000 0.288918 
418.652909 538.283199 423.533295 521.997354 3.354274 0.125000 1.635581 
907.986437 788.921309 921.848073 787.793925 4.375568 0.125000 0.674955 
445.136161 295.578441 444.169803 305.724512 2.601625 0.125000 1.623352 
212.045081 366.486494 202.910762 368.289848 2.952659 0.125000 0.377223 
334.360273 726.867075 341.781753 713.074825 5.163060 0.125000 2.163446 
382.085484 685.607539 383.750400 705.676816 4.150534 0.125000 3.598933 
845.388598 850.107139 837.765338 853.587125 3.612728 0.125000 0.377223 
480.600892 315.849518 450.677458 312.636452 1.643215 0.125000 8.098666 
451.829943 314.753995 480.618871 318.176555 1.892252 0.125000 15.463998 
603.045909 199.902691 580.673779 196.549546 5.439836 0.125000 21.241572 
605.669105 779.363850 609.161741 793.178915 3.329237 0.125000 0.107827 
135.915126 707.242030 124.126481 716.560606 4.856415 0.125000 8.145269 
451.823432 229.822532 478.155907 232.856775 3.199009 0.125000 9.951689 
275.737373 334.918690 259.306655 332.304575 2.665351 0.125000 0.698491 
199.202434 370.606414 197.562355 385.833666 1.719577 0.125000 1.623352 
286.900547 287.100919 272.905453 288.683510 5.108792 0.125000 1.909191 
441.390849 250.412615 446.796265 238.090461 3.153310 0.125000 2.839270 
779.208173 446.727483 778.524201 453.296711 4.377075 0.125000 1.136791 
570.566917 68.691520 584.427535 70.112588 5.579965 0.125000 5.317700 
862.342170 654.416696 846.770201 648.396056 3.046903 0.125000 4.655191 
426.597720 501.888750 427.651943 523.148458 2.367202 0.125000 0.344626 
670.663194 332.886465 655.452718 330.450949 2.270921 0.125000 3.910915 
681.733643 444.367764 681.092188 456.898915 1.759585 0.125000 0.720262 
902.218252 667.757911 888.733824 664.895638 9.337944 0.125000 9.356092 
453.140110 559.171885 428.185222 557.315469 1.936717 0.125000 4.655191 
254.623704 325.355710 275.717695 328.808738 3.924656 0.125000 3.276333 
164.462619 579.327369 163.486857 603.139828 3.132716 0.125000 3.071224 
450.595067 792.645148 435.497864 793.586913 3.820549 0.062500 1.036919 
220.603213 719.759093 203.159338 718.769632 2.283620 0.125000 2.002335 
490.802542 747.013049 483.265959 747.977038 5.276780 0.125000 2.869435 
