339.602513 184.371902 339.398272 169.374683 3.902847 0.125000 10.701616 
171.937057 150.958871 160.569869 150.188883 3.994862 0.125000 5.579464 
573.587168 190.636476 573.245961 204.378003 2.778485 0.125000 4.056312 
634.372455 213.153431 618.140601 211.700691 4.069357 0.125000 10.065936 
660.998173 63.163386 659.585521 76.896655 5.577673 0.125000 5.595332 
663.634511 97.116076 665.720933 81.888144 7.549596 0.125000 3.984843 
618.014676 202.111279 638.274191 203.615106 3.875914 0.125000 15.271307 
698.323495 177.603074 676.921980 175.205624 4.979109 0.125000 13.352735 
691.949582 221.597336 669.259559 220.489590 4.811192 0.125000 24.850200 
433.101441 208.436623 461.969946 210.619134 4.985772 0.125000 26.623730 
649.243872 203.815135 668.076810 205.088000 3.572881 0.125000 17.696466 
127.583300 134.126539 126.685776 140.598760 3.714455 0.031250 0.347349 
46.918327 141.236804 21.948552 139.541598 3.826056 0.125000 25.187562 
471.886548 210.395505 489.467828 211.280141 4.805232 0.125000 19.308210 
571.957470 205.907271 560.577069 204.937434 3.021672 0.125000 1.319033 
693.242993 85.636866 691.612618 101.848613 2.362374 0.125000 1.319033 
664.426708 216.399290 649.199010 214.744100 4.430425 0.125000 5.019921 
693.812498 164.346059 693.231918 175.630501 2.687728 0.125000 1.407338 
709.581434 222.869930 703.110276 221.982353 3.090216 0.062500 0.028154 
235.533194 146.055309 231.795556 134.400477 4.334309 0.125000 0.364872 
619.244746 239.862850 589.371825 231.886890 5.159200 0.125000 28.181372 
183.428754 188.149000 185.497669 161.963703 3.378340 0.125000 20.932905 
188.284578 83.579945 0.562047 68.931766 4.624277 0.125000 370.760270 
44.437824 167.352857 21.883724 165.517781 3.737649 0.125000 19.308210 
339.382602 169.656060 342.340642 156.420343 7.462707 0.125000 10.815081 
588.104809 199.962737 604.378545 200.521796 3.013524 0.125000 7.381235 
548.274926 218.204915 639.176057 223.836306 8.722293 0.125000 177.460748 
589.375365 230.913647 549.373849 230.964207 6.280014 0.125000 58.468761 
678.376796 290.419324 656.870124 295.604778 4.317946 0.125000 6.720003 
550.154709 191.849237 549.471992 204.311837 2.974876 0.125000 0.473540 
221.333850 122.289073 239.023479 137.289539 3.958425 0.125000 11.193246 
679.276005 72.471914 673.229590 61.815655 4.495296 0.125000 4.344836 
444.308526 184.043153 455.589892 184.859920 5.167474 0.125000 2.665696 
132.750003 178.099350 136.171520 128.076882 4.305943 0.125000 43.069837 
283.685160 128.707369 299.376697 141.872977 3.335212 0.125000 6.030258 
345.150489 134.538393 355.559352 141.966985 4.652473 0.125000 3.975851 
679.415494 163.884825 691.933328 164.918950 2.491512 0.125000 3.556557 
286.995619 179.605695 271.765138 177.803402 2.923358 0.125000 2.538828 
355.652575 142.594353 359.573876 149.257968 5.684086 0.125000 0.732379 
603.121319 78.542175 570.623849 78.255403 2.786686 0.125000 19.245773 
15.412655 178.639846 44.458769 180.685650 5.005023 0.125000 43.910332 
359.623581 149.600420 361.558504 158.196243 4.481978 0.125000 0.732379 
329.551127 184.767097 308.137295 182.977850 3.528814 0.125000 12.980387 
632.231998 287.899028 615.606791 290.509009 3.970190 0.125000 2.311661 
151.928294 159.380788 154.372561 136.874735 3.621146 0.125000 7.391134 
584.307346 185.324222 641.871296 189.426963 5.253945 0.125000 78.970873 
178.242527 164.311884 177.683053 174.350369 4.022422 0.125000 4.768082 
442.600469 194.445708 443.457028 185.657361 2.973238 0.031250 2.565648 
709.478170 60.362240 682.036527 61.627706 5.743262 0.125000 20.276062 
150.790241 146.969499 139.240176 145.317801 3.712235 0.125000 3.196363 
462.789476 209.387960 462.687141 196.868362 3.821395 0.125000 1.934464 
591.809315 72.578879 603.193474 73.641241 3.186052 0.125000 4.941030 
707.734766 85.724224 705.725241 103.136569 3.295347 0.125000 4.344836 
604.354523 210.100208 588.031825 210.737123 3.698410 0.125000 13.270410 
520.704621 215.908486 546.875948 216.848603 6.380591 0.125000 25.836952 
102.716459 132.996562 102.227890 139.305527 3.835317 0.125000 0.847287 
471.852248 82.156994 463.058638 81.447490 2.994544 0.125000 2.653467 
611.902426 292.481748 634.300162 291.469337 2.836115 0.125000 5.558506 
671.748629 232.178422 709.406168 235.241860 8.357826 0.125000 78.288346 
120.605570 120.389757 88.120694 123.072871 5.199846 0.125000 41.733876 
651.986403 288.725368 638.245629 291.275084 3.915116 0.125000 1.627970 
366.821320 97.543335 195.571693 83.788691 4.453731 0.125000 350.748958 
172.079486 129.560266 162.047352 128.674018 7.030913 0.125000 8.162109 
503.792987 90.727427 516.743589 87.583659 3.384487 0.125000 0.921826 
664.375483 82.605111 640.625503 82.583049 3.762772 0.125000 13.578184 
298.213658 141.593141 301.344013 156.460418 5.665357 0.125000 9.390575 
60.442162 120.716804 61.207729 111.817597 3.026487 0.125000 2.289385 
237.152267 136.540086 240.201210 150.443821 4.498438 0.125000 9.391876 
138.061399 184.673502 150.782873 187.384050 6.713649 0.125000 1.769578 
644.264997 189.623459 670.648105 191.560258 3.888378 0.125000 22.251971 
670.783172 61.603738 660.840828 63.210501 2.888268 0.062500 0.073109 
700.680958 85.780981 698.602604 103.182044 2.575377 0.125000 3.918851 
460.310301 270.607228 458.261666 306.882718 4.871724 0.125000 41.141402 
682.807091 259.965992 700.551702 269.511261 7.364176 0.125000 15.595968 
179.810664 144.312084 179.581133 151.843185 3.824418 0.062500 0.073109 
586.588877 113.197665 366.791093 96.746020 8.598682 0.125000 426.820986 
58.011585 148.290045 80.567063 150.097858 3.738013 0.125000 22.624493 
540.708837 202.809462 529.357511 202.201581 4.145697 0.125000 10.880036 
253.576019 173.161712 253.306145 158.099358 6.316175 0.125000 11.270244 
544.790540 227.279054 534.290085 228.781559 4.772528 0.125000 1.374741 
671.924452 176.180714 645.629784 174.307837 4.184564 0.125000 14.576217 
134.573566 126.205170 120.912420 122.155435 3.817983 0.125000 12.634559 
362.890614 225.993296 403.250147 251.678353 6.423073 0.125000 62.037841 
465.057741 195.660420 464.270561 183.053471 2.335102 0.125000 1.407338 
674.020856 211.487318 694.322272 213.625609 7.263096 0.125000 22.422720 
45.634483 156.874557 46.048074 165.722089 3.629171 0.125000 2.166906 
678.107398 159.643836 695.695685 160.795422 3.006972 0.125000 12.634559 
177.044407 175.153250 159.346768 173.411933 4.343977 0.125000 13.164769 
709.595411 121.134890 588.057507 112.867164 7.550671 0.125000 332.658754 
644.508987 159.849451 676.867399 161.989913 5.474436 0.125000 29.858259 
693.039744 160.570224 709.384905 161.736139 2.493664 0.125000 9.878187 
494.435699 185.916340 520.659713 187.576756 3.031617 0.125000 18.377012 
494.405796 166.488552 464.298158 164.089243 3.385790 0.125000 6.987536 
495.623611 69.368720 529.381487 61.904339 3.943593 0.125000 19.303769 
402.600456 252.911823 393.771036 274.637552 5.393639 0.125000 20.969348 
616.435483 211.948082 617.228195 203.156848 3.959363 0.125000 2.166906 
463.090305 161.185151 493.129907 163.045785 4.063123 0.125000 26.968276 
669.509977 196.265845 645.703954 194.537496 5.077388 0.125000 22.032806 
84.215168 151.728083 81.313063 179.576964 4.454832 0.125000 27.349428 
524.265475 139.407934 528.471843 153.396578 3.239570 0.125000 10.003974 
639.466375 193.997833 588.167561 191.117088 5.315573 0.125000 63.855137 
683.090907 67.243828 700.613041 66.565893 5.189568 0.125000 8.728241 
663.123053 72.957381 675.627510 72.979879 2.513490 0.125000 1.303060 
546.830862 83.980522 594.397246 82.703836 4.495129 0.125000 59.541501 
210.449151 122.854283 224.639431 125.402412 3.374796 0.125000 5.603553 
312.966408 207.305392 362.377089 225.512420 5.740841 0.125000 63.912674 
85.853931 104.292036 89.892950 115.437296 4.172470 0.125000 1.374741 
186.821145 126.740984 175.537101 126.196438 6.363240 0.125000 1.816822 
535.717355 63.508626 508.017208 70.177255 3.263272 0.125000 28.711849 
504.315060 81.328236 481.676037 83.810095 3.591449 0.125000 10.428014 
398.219999 176.970279 374.323228 175.004299 3.122428 0.125000 19.218239 
689.421262 289.758546 678.035367 291.131873 2.931068 0.125000 0.441071 
80.785049 123.477279 60.710230 121.981292 5.303786 0.125000 9.852995 
709.355735 164.571855 679.397998 161.640004 2.853366 0.125000 5.352933 
94.351854 177.181509 126.949149 179.643084 3.762174 0.125000 22.271687 
476.000412 185.561806 475.275116 195.599719 2.943923 0.125000 1.303060 
63.041618 225.773571 70.345618 229.872802 4.226749 0.062500 0.610675 
631.752137 245.917001 619.344909 240.696515 4.004266 0.125000 8.145199 
4.315890 128.904304 13.110107 129.571344 3.550177 0.125000 0.473540 
466.845439 183.751202 494.402047 185.052053 5.465978 0.125000 26.386109 
186.332634 141.935067 187.509329 128.072739 2.913943 0.125000 3.079846 
374.348646 172.278362 395.670965 173.671476 3.228147 0.125000 18.568994 
135.654282 116.666669 145.460552 118.044989 3.515180 0.062500 0.045934 
526.880177 84.755229 545.643718 84.499759 5.118659 0.125000 7.444191 
137.945456 148.009244 137.124707 158.145220 2.996279 0.125000 0.526362 
423.230233 194.002628 409.376361 193.104018 3.742136 0.125000 12.634559 
653.761817 256.842607 643.776266 251.813915 3.365332 0.125000 3.032450 
253.373200 156.964428 254.641559 135.715524 3.743337 0.125000 13.791055 
23.047404 154.241566 45.525712 155.803703 6.408282 0.125000 18.604253 
138.117360 159.489549 150.645003 160.325090 2.744013 0.125000 3.172405 
160.520330 136.725411 173.143915 137.926148 2.843859 0.125000 1.319033 
578.207938 180.462347 558.130367 179.283582 5.946208 0.125000 7.289216 
377.752912 192.046369 378.669188 180.668825 3.637556 0.125000 2.371990 
89.431006 147.283775 99.582961 145.892873 4.054642 0.125000 6.712646 
394.722945 181.824728 394.232941 190.617083 2.913459 0.125000 2.289385 
523.095098 191.036646 548.144524 192.856217 4.262377 0.125000 13.352735 
658.127545 80.745418 709.433887 79.660940 5.897019 0.125000 60.255585 
439.382573 142.993695 426.780308 142.266898 4.031661 0.125000 14.711971 
646.028278 217.064490 647.458590 204.585156 4.682807 0.125000 4.765573 
108.945493 113.046560 132.415423 121.650895 5.985248 0.125000 25.141912 
270.628986 177.829578 253.132170 177.593527 2.567222 0.125000 2.371990 
407.724926 191.998613 408.320179 181.886489 3.670065 0.125000 4.768082 
356.921725 187.742625 344.154133 186.182449 4.177171 0.125000 2.406827 
405.686001 157.546469 379.333580 154.767819 2.486217 0.125000 3.977998 
92.542535 178.267190 89.957445 167.677668 4.235905 0.125000 2.538828 
615.667909 172.295885 588.112331 170.869795 3.486568 0.125000 14.822169 
50.316851 217.372282 60.900410 223.930550 4.354627 0.125000 7.356132 
108.100879 147.659267 129.446023 148.315760 4.767075 0.125000 19.172510 
430.581968 80.265325 453.354212 77.540841 4.911380 0.125000 16.098250 
514.325490 201.624560 491.942320 200.515882 4.993878 0.125000 17.889780 
0.396835 176.421565 10.824658 177.584128 5.661714 0.125000 15.953649 
426.614914 159.340454 425.451178 168.101912 3.717352 0.125000 1.303060 
491.968535 210.647384 518.067026 212.635891 6.706764 0.125000 51.792584 
361.842590 199.851159 431.858539 204.616840 7.652458 0.125000 122.419475 
603.119458 80.453378 633.128532 79.484380 2.177208 0.125000 16.667123 
595.623892 275.748387 644.381185 276.186196 5.437524 0.125000 69.616399 
0.582333 61.165301 370.643664 90.388651 3.768440 0.125000 499.745458 
286.765648 202.371848 311.922612 207.908673 2.978931 0.125000 16.724313 
640.654748 227.105319 668.022053 227.903733 8.600471 0.125000 66.042732 
201.845578 144.953199 233.141756 146.545717 2.877917 0.125000 25.189230 
408.004387 177.014405 426.829546 178.648604 3.411634 0.125000 14.988881 
17.460908 130.548462 19.768509 110.526287 4.251530 0.125000 3.909194 
70.253051 156.850748 69.760820 164.400156 2.657361 0.062500 0.028154 
362.854633 183.184017 367.904392 99.361710 2.751103 0.125000 55.734809 
634.328200 82.849188 603.069267 83.807977 4.476366 0.125000 49.413095 
189.937256 121.344268 193.758815 131.639735 6.161268 0.125000 4.743455 
22.255806 138.271027 23.062904 129.257511 3.735056 0.125000 0.473540 
424.473122 183.043204 423.760303 193.081350 4.183285 0.125000 2.243298 
644.972691 182.243123 641.249677 163.004116 5.779276 0.125000 17.133432 
706.593301 255.614522 705.984524 271.981362 3.560694 0.125000 0.656478 
395.679136 167.282044 380.660800 166.317548 3.295975 0.125000 11.756914 
394.533288 192.478824 378.292118 191.123051 4.774699 0.125000 9.968504 
64.375833 164.457688 64.880353 156.825774 2.659462 0.031250 3.066097 
458.057050 179.150519 438.041952 180.072890 3.630937 0.125000 14.985730 
521.797470 185.540362 550.586370 187.455651 2.660441 0.125000 20.090992 
601.898986 87.796258 580.580071 86.240796 3.221054 0.125000 18.796321 
153.178760 186.138751 182.048654 188.246790 6.625280 0.125000 61.779261 
485.691744 68.113800 487.392372 78.247944 3.698288 0.125000 3.017142 
460.656148 144.716226 441.842563 144.071403 4.090341 0.125000 16.675018 
378.211531 155.236821 370.666556 154.838283 2.628390 0.031250 0.184560 
371.848497 90.992531 709.396006 115.333708 4.387980 0.125000 389.474980 
709.423331 71.867560 679.323009 73.038362 4.087255 0.125000 36.255808 
575.651351 87.704111 530.577697 89.136657 5.076892 0.125000 47.685607 
380.348791 247.267159 363.602282 235.472097 3.670195 0.125000 15.147204 
440.469300 136.469841 490.767618 138.811188 8.740536 0.125000 115.179454 
675.509616 183.576861 709.442630 185.877485 3.255266 0.125000 30.327181 
148.240760 173.588034 137.912622 172.068805 5.128682 0.125000 0.364872 
701.801610 54.373518 709.422010 53.926638 6.458814 0.125000 1.934464 
424.472173 169.339831 409.463465 168.205001 4.210553 0.125000 9.241692 
274.362737 167.242494 277.256544 157.496014 6.703057 0.125000 3.504644 
231.856626 201.699924 240.900575 200.750753 2.870933 0.062500 3.556557 
51.773746 176.468690 79.330199 177.801367 6.121941 0.125000 33.043801 
418.100467 136.468668 430.616236 136.283289 7.610253 0.125000 14.822169 
632.553795 301.315717 618.884240 297.292398 3.537973 0.125000 0.591494 
379.254625 179.981197 394.272529 180.955113 3.661246 0.125000 10.746099 
644.455367 64.648995 668.011936 57.739529 3.598403 0.125000 7.240246 
409.300543 154.211681 426.889264 155.416826 2.921388 0.125000 9.018595 
490.598886 138.439739 523.288699 141.151984 7.991099 0.125000 61.283195 
48.871595 118.517988 55.650939 105.638654 3.027857 0.125000 0.921826 
152.471072 253.177768 154.686470 228.152573 3.955846 0.125000 17.184505 
394.356772 279.536198 436.878438 284.344596 2.721035 0.125000 22.369949 
424.449271 146.936532 413.165223 146.231359 3.040881 0.125000 2.166906 
453.141311 70.695840 462.270751 68.593805 2.123913 0.062500 0.028154 
58.355267 193.241551 52.044041 205.710561 3.211103 0.062500 1.942824 
101.778585 117.563647 109.480760 116.240766 2.887111 0.062500 3.556557 
55.210836 166.971461 55.908374 151.888105 3.803742 0.125000 17.385665 
662.382970 249.540712 670.998809 253.577087 2.145819 0.062500 0.028154 
450.729398 86.249209 440.594398 84.558437 3.493193 0.125000 1.303060 
13.124374 187.193178 0.621964 187.168591 3.772117 0.125000 11.152090 
546.895950 165.348179 525.578843 163.734895 2.775863 0.125000 17.385665 
584.263167 199.096367 582.394161 208.231221 3.051697 0.062500 2.628650 
709.419146 188.768464 676.909405 186.402296 2.947100 0.125000 28.620571 
160.591555 158.844904 171.875274 159.369112 2.555315 0.062500 1.853360 
673.101829 56.438501 701.771044 54.916643 4.208554 0.125000 38.763085 
379.677750 165.762179 380.464153 156.860790 3.845455 0.125000 1.319033 
114.638960 410.647839 120.697098 340.631238 3.485229 0.125000 37.068798 
0.347982 103.989514 17.934599 105.437514 6.859275 0.125000 34.532472 
426.928103 181.290556 409.346102 179.693051 1.697310 0.031250 3.946148 
56.159378 113.019364 55.281386 129.356534 5.529441 0.125000 19.652714 
659.136742 301.014799 671.220478 308.400775 3.911442 0.125000 1.127472 
438.151332 281.600394 399.279302 277.873008 3.426095 0.125000 23.026928 
81.959674 120.055739 100.730224 117.720952 3.560933 0.125000 9.391876 
434.321074 177.709711 453.239032 175.253165 3.718779 0.125000 15.829718 
471.354490 198.396364 476.009901 207.326013 3.903095 0.125000 0.732379 
500.649233 51.084002 471.849673 50.201687 3.977907 0.125000 27.898689 
574.331767 94.899925 590.779053 96.254542 5.188335 0.125000 6.937712 
645.977612 275.245484 653.203951 258.158389 4.118220 0.125000 20.090992 
190.988871 175.634703 190.389342 198.118716 5.164818 0.125000 12.664522 
689.584827 41.387335 704.807774 37.197339 4.489011 0.125000 4.550217 
396.410360 158.108714 396.104038 166.847977 3.966635 0.062500 1.187366 
473.384759 235.617591 473.778679 249.427665 3.712835 0.125000 1.374741 
400.752810 144.349931 402.451794 153.011866 2.814286 0.125000 0.847287 
85.747297 130.511358 83.203029 155.758830 3.229776 0.125000 9.390575 
511.919804 223.568261 501.895867 224.581451 5.351770 0.125000 1.127472 
45.517565 192.606090 36.592912 191.294592 4.946872 0.125000 1.728606 
129.492127 248.064122 126.865547 296.941664 3.878749 0.125000 59.351286 
652.960007 42.424977 632.899402 40.586141 6.452110 0.125000 17.068977 
461.271476 161.954224 463.288888 145.491900 2.783780 0.125000 3.352255 
609.428417 71.356810 591.857422 69.545520 2.230470 0.125000 3.869385 
630.793441 47.194852 616.603336 44.625154 4.474497 0.125000 7.954857 
359.411630 160.242024 356.706532 186.470871 8.358093 0.125000 52.928262 
444.390865 223.239676 445.432240 211.744299 7.013947 0.125000 1.419925 
35.655127 128.317098 19.418294 127.854712 4.033141 0.125000 0.523810 
73.169631 260.077510 90.554105 261.494671 2.288611 0.125000 6.712646 
152.751578 124.153095 150.519363 115.335306 5.169123 0.125000 2.538828 
375.884458 310.643839 380.431508 248.020189 5.147312 0.125000 74.577215 
491.970838 152.952681 470.649190 151.516001 4.232363 0.125000 11.703328 
215.620209 134.139920 191.880069 134.623737 2.754174 0.125000 15.829718 
223.407434 209.363851 223.281682 234.375788 3.737384 0.125000 10.983482 
69.299858 343.119855 67.584307 368.173570 4.424389 0.125000 27.177539 
247.497660 154.316456 245.730626 173.251508 3.766794 0.125000 7.839194 
410.602911 182.158067 423.124208 183.135150 2.589669 0.125000 2.289385 
630.740761 143.218973 631.688281 129.448161 4.427595 0.125000 13.261198 
100.073574 145.764040 107.187385 148.588104 5.347787 0.125000 0.732379 
101.073125 209.351541 100.025587 189.340942 3.017648 0.125000 0.523810 
452.229961 175.679028 460.953509 178.268152 3.463655 0.062500 2.293461 
24.647837 109.170749 23.707117 119.428385 4.979105 0.125000 1.627970 
71.523315 228.813060 65.624965 245.624988 6.083440 0.125000 7.292702 
405.531438 136.301227 418.305743 138.068667 2.344080 0.125000 1.407338 
549.346611 189.796056 521.887160 187.944647 2.073895 0.125000 10.880036 
535.600140 32.202665 554.525712 33.638532 4.306642 0.125000 3.193561 
585.532440 166.709554 615.633239 169.278460 4.875597 0.125000 26.884355 
525.772776 158.589359 554.552594 160.678610 7.208801 0.125000 46.673030 
49.388203 128.969961 36.860768 128.561605 1.656582 0.125000 3.556557 
479.657478 88.104998 503.274886 89.874599 5.546411 0.125000 18.556611 
573.081362 124.878598 584.386573 125.159926 5.060645 0.125000 3.189531 
523.471525 158.264390 524.356916 148.123421 3.300901 0.062500 3.410764 
552.695208 205.709434 553.726937 195.686964 2.998860 0.125000 1.407338 
86.830504 86.431164 99.351691 86.702125 5.134049 0.125000 9.241692 
130.805535 236.863253 131.793253 252.042990 5.395267 0.125000 6.347815 
53.998597 288.096493 58.639457 226.819293 4.211287 0.125000 80.817708 
612.652352 201.880765 612.789557 213.129092 5.030120 0.125000 0.656478 
57.961481 225.897668 32.038790 210.351878 3.433017 0.125000 26.979982 
189.375348 229.371385 166.843431 227.203044 3.014318 0.125000 6.576073 
440.112376 271.944910 441.309212 259.321358 3.432704 0.125000 3.196363 
669.536283 154.351087 655.683097 153.465840 3.742367 0.062500 2.552104 
16.854091 118.393656 0.605229 117.129033 2.686447 0.125000 4.723538 
13.189490 138.898776 3.037120 137.523939 3.148365 0.125000 1.303060 
689.247367 148.345175 690.753294 132.118927 5.761201 0.125000 10.228798 
296.637539 160.561971 293.601184 172.001393 3.303813 0.125000 6.712646 
404.315811 131.850673 421.835318 132.696715 3.805929 0.125000 14.110809 
512.404405 134.544711 513.597117 122.039247 5.570815 0.125000 17.574374 
56.797239 107.960336 85.667715 110.028804 2.936450 0.125000 23.471921 
620.577036 148.711829 643.130702 150.555244 3.102663 0.125000 18.438091 
165.781600 418.138087 171.738019 346.863552 3.945173 0.125000 49.069153 
406.476081 218.918402 395.141278 228.821337 2.932953 0.125000 3.918851 
73.960409 238.083529 71.954893 258.132992 2.860476 0.125000 5.966966 
78.122772 153.153478 60.534834 151.777604 2.763703 0.125000 7.296204 
468.979450 248.715004 463.018887 255.532222 4.041423 0.125000 1.303060 
336.342855 219.749882 292.525710 204.948657 3.921111 0.125000 30.148481 
370.518091 153.211112 371.562179 139.351434 2.713035 0.125000 2.243298 
411.810624 158.912977 424.430636 159.944012 2.288131 0.125000 2.653467 
538.288867 59.436698 537.435511 44.414166 2.708652 0.125000 8.486810 
631.749650 129.001014 644.279791 129.739795 5.138477 0.125000 0.113073 
378.065901 141.941459 392.012256 142.567539 5.331321 0.125000 4.846448 
700.745060 147.933791 689.572593 147.003070 4.359685 0.125000 4.853199 
93.900299 193.294726 94.674166 206.857931 6.595875 0.125000 5.034230 
164.156936 114.769093 183.234498 117.299443 3.806113 0.125000 24.982985 
421.106655 207.934652 406.708267 218.736569 6.250000 0.125000 19.999885 
690.623990 132.513566 701.874655 132.519585 5.004681 0.125000 6.782058 
318.156007 452.637576 270.609860 449.613003 3.504366 0.125000 35.184404 
191.877329 229.375148 193.075181 210.542326 3.901128 0.125000 8.620796 
583.096431 169.703220 560.549648 167.740688 2.329226 0.125000 9.018595 
367.929322 156.724774 363.621908 198.176636 4.424557 0.125000 46.491149 
188.144434 115.626433 190.357763 85.605298 2.309418 0.125000 23.213275 
218.107475 221.870702 219.984445 214.217894 3.903831 0.125000 0.441071 
619.701077 184.626986 620.932617 176.924182 3.505624 0.062500 3.784653 
147.510939 107.058987 148.972284 92.079605 5.583226 0.125000 20.919327 
209.574965 110.970028 211.501183 95.896705 5.276565 0.125000 15.976448 
105.754712 213.021520 107.586461 193.190717 3.984035 0.125000 7.587198 
324.431783 391.387793 343.170992 389.992831 3.235456 0.125000 12.478086 
76.932545 166.877577 77.437819 155.594228 2.777095 0.125000 4.459647 
154.283943 121.128699 188.072656 122.883104 3.663329 0.125000 27.774687 
332.344888 120.909591 333.791941 105.808692 5.811851 0.125000 11.452897 
429.811133 202.886247 432.648492 178.359082 4.535941 0.125000 13.645954 
588.131448 62.440868 574.368306 62.489740 6.281031 0.125000 8.285445 
590.126624 284.960467 601.726846 276.260708 4.999944 0.125000 8.384867 
263.037715 443.832896 305.660347 449.088326 4.639625 0.125000 42.797744 
504.906682 165.574385 504.199353 175.612623 3.020986 0.125000 4.056312 
453.248394 129.497288 453.890665 115.718959 5.169192 0.125000 15.813830 
465.724425 132.133841 453.224812 130.879980 4.355093 0.125000 0.364872 
523.175256 51.983049 504.351691 51.154638 3.966207 0.125000 8.092202 
21.719835 80.788332 34.322708 81.522572 4.918835 0.125000 10.065936 
211.513755 95.739464 218.282153 97.531413 5.751593 0.125000 0.578388 
357.909917 232.243751 348.272334 226.622402 5.668889 0.125000 3.975851 
130.486086 398.225135 118.017058 399.731508 4.813986 0.125000 0.956017 
150.667895 113.968862 163.160560 115.288311 3.760718 0.125000 0.345306 
222.929648 98.017891 222.332543 113.043836 5.492394 0.125000 16.724313 
392.207797 127.044173 393.689064 113.185288 5.635913 0.125000 15.147204 
612.465871 62.089373 632.927105 56.188768 4.111502 0.125000 23.478508 
79.057675 184.165131 74.465696 191.108273 3.049514 0.125000 0.847287 
214.410072 148.653352 203.065368 148.102003 2.679087 0.125000 4.459647 
513.092131 120.994340 525.586983 121.247957 3.952164 0.125000 4.987887 
344.936102 106.631821 343.696845 122.882640 6.041813 0.125000 16.968297 
85.060316 101.947162 86.636172 86.981474 6.019699 0.125000 13.803407 
55.484695 101.280932 85.597564 103.497696 5.024669 0.125000 24.670239 
436.919651 286.397793 404.353880 283.350716 2.139778 0.125000 19.302681 
30.796331 210.266300 8.586853 199.658061 3.046784 0.125000 8.092202 
33.123382 124.874901 48.131316 124.923470 6.278284 0.125000 20.471232 
93.477116 211.743161 88.757576 199.138152 3.073599 0.125000 4.768082 
531.827812 61.471368 550.613328 59.275162 4.240435 0.125000 8.868024 
517.397770 168.019191 516.860594 178.057337 3.744642 0.125000 3.899550 
272.947356 101.536186 284.325971 102.471477 5.921789 0.125000 1.890655 
454.270814 116.345008 466.801873 117.007727 5.191069 0.125000 2.752878 
66.737664 246.096015 64.245389 258.597555 6.369835 0.125000 19.245773 
134.351013 200.604238 144.736430 188.605881 2.581266 0.125000 7.599433 
147.964237 91.116083 161.712441 92.385527 5.323612 0.125000 7.060509 
441.661030 243.312590 445.106968 224.281202 6.711866 0.125000 16.633049 
124.770627 333.158946 121.229719 374.426887 4.126808 0.125000 28.820618 
98.436639 102.732583 86.890782 100.541824 6.140441 0.125000 8.959192 
393.074591 112.032088 404.354894 112.436209 4.060867 0.125000 3.918851 
551.635616 58.601898 568.244701 56.636622 6.794230 0.125000 7.633003 
103.453057 259.273141 105.617311 213.124639 4.390017 0.125000 49.690036 
587.886756 118.110051 585.767586 151.883947 2.573371 0.125000 26.117668 
333.017300 105.911655 344.299488 106.702396 4.177799 0.125000 4.853199 
190.677081 78.711359 0.572628 63.792349 1.984086 0.125000 150.772964 
345.916835 122.269844 333.312492 120.522522 6.190796 0.125000 4.719071 
20.268055 95.861008 21.915142 80.904738 5.938779 0.125000 22.660982 
312.726036 176.846349 312.986584 161.850876 2.048348 0.125000 1.407338 
507.372506 176.904471 508.036593 165.693809 2.939126 0.062500 1.180738 
572.554773 138.192954 573.038355 124.459982 4.187570 0.125000 8.194587 
186.014051 295.659038 191.705113 230.610137 4.498346 0.125000 69.203209 
440.269003 214.506141 441.274676 226.821949 3.316025 0.125000 0.732379 
33.271540 97.745338 20.760301 96.620324 6.560730 0.125000 8.625248 
134.290934 399.369146 136.641699 365.608755 2.233476 0.125000 25.868399 
523.239172 136.072295 514.314145 134.802854 3.075179 0.125000 1.407338 
441.797864 258.122914 442.171212 244.315411 4.761664 0.125000 3.704280 
615.574504 143.686757 641.948484 146.057509 3.623030 0.125000 16.174010 
368.201374 139.381527 366.919604 154.378812 2.185255 0.062500 0.583844 
14.233629 128.180673 14.980680 146.850765 2.847837 0.125000 4.344836 
34.376492 81.742840 33.578299 96.832858 6.373329 0.125000 19.172510 
271.129559 115.819349 272.664460 101.962447 5.657697 0.125000 19.218239 
582.768076 127.999115 581.974213 138.132772 3.543296 0.125000 7.168917 
308.148436 155.016596 315.851338 139.487269 3.897066 0.125000 3.216303 
89.404135 264.115286 74.313592 262.422394 1.720062 0.062500 0.723558 
98.371847 86.818327 98.108700 103.084292 6.188524 0.125000 19.362419 
581.823964 38.404438 593.108491 37.811047 2.626106 0.125000 1.407338 
165.506360 519.235756 185.676786 521.390162 2.751375 0.125000 7.460636 
204.273889 130.773705 222.980965 129.056182 3.962861 0.125000 15.829718 
654.359349 150.967231 669.385088 151.654411 1.819768 0.125000 0.441071 
265.616076 191.414833 288.127326 191.669165 2.697543 0.125000 5.966966 
528.310055 60.640719 529.162343 50.606937 2.596826 0.125000 0.847287 
465.680529 116.684732 464.512491 131.691112 6.328155 0.125000 23.563026 
94.652684 361.997828 102.114330 269.193238 5.065288 0.125000 109.983388 
435.119683 350.668419 437.311420 313.077564 6.010131 0.125000 45.951341 
320.630136 464.137959 340.647823 464.571719 2.253530 0.125000 2.166906 
204.288564 446.566216 246.888467 450.478351 4.763094 0.125000 29.552657 
116.747946 112.434217 133.133368 109.420494 2.557556 0.125000 7.599433 
605.607129 53.137294 612.284302 62.843427 3.863700 0.125000 0.345306 
586.890174 157.912481 616.826801 160.050035 3.116838 0.125000 29.577893 
344.082261 435.698950 350.166847 356.936172 2.578192 0.125000 59.776079 
708.675362 285.644193 709.373516 265.624948 1.815601 0.125000 8.975097 
0.631161 406.786135 29.416122 408.781902 3.481640 0.125000 20.787067 
156.839954 233.127260 158.294977 255.694634 5.713476 0.125000 12.854271 
227.134336 134.031283 219.233332 132.745601 4.102845 0.125000 5.362737 
431.613453 178.120745 431.898416 160.605045 2.662338 0.125000 1.627970 
248.440480 234.380216 248.668450 220.592650 3.749488 0.125000 0.364872 
404.333250 286.080297 436.903249 289.066936 3.402715 0.125000 21.160052 
554.311306 186.837506 583.113154 188.350503 3.810410 0.125000 36.381953 
64.515307 260.622529 64.561965 286.876889 5.013321 0.125000 38.825090 
192.680825 86.839441 190.171100 118.188733 2.044028 0.125000 17.696466 
701.996447 131.600213 700.127396 147.778696 6.258055 0.125000 17.975958 
101.872726 424.251456 64.362426 424.941840 1.686837 0.125000 3.189531 
136.128972 364.533467 138.399734 339.399822 3.622312 0.125000 10.702197 
391.633859 282.785083 394.540407 291.411599 3.488276 0.125000 1.303060 
642.187609 30.516329 641.296520 38.202849 3.059156 0.125000 1.750377 
450.580455 378.191698 451.691315 358.114837 5.268593 0.125000 1.041096 
269.655122 245.874643 271.021279 230.660584 6.910970 0.125000 9.131603 
396.810299 299.378493 397.756093 316.894919 6.577885 0.125000 8.669580 
701.913002 333.050516 700.832169 350.637732 2.571967 0.125000 7.296152 
159.485302 107.555598 147.031076 106.800558 6.843687 0.125000 9.390575 
241.554122 203.116330 241.214801 215.674710 3.782394 0.125000 0.082847 
66.682339 379.369766 66.172404 398.139872 2.906438 0.125000 8.156700 
161.289033 91.769440 160.421207 106.863283 5.637512 0.125000 21.820991 
362.239171 249.264439 366.272318 262.548980 7.069851 0.125000 10.071128 
689.181857 99.494126 690.727951 85.777500 2.336393 0.125000 1.407338 
231.922546 149.536183 215.594512 148.823182 4.237219 0.125000 0.054100 
405.047505 113.083395 404.705543 128.104068 5.226306 0.125000 18.369331 
73.105106 372.469577 80.869132 340.084182 6.269409 0.125000 55.502091 
129.028662 299.246307 130.823136 311.846783 6.716283 0.125000 5.765902 
284.998829 102.950655 283.710633 116.813263 5.556846 0.125000 20.949411 
338.129309 467.274450 318.123490 467.173093 2.556964 0.125000 6.448950 
437.162247 314.493747 439.008212 290.596667 3.738862 0.125000 21.061185 
399.570653 321.895573 403.121705 288.124653 2.158174 0.125000 0.377501 
624.315456 77.122608 606.876990 78.158495 1.690335 0.125000 0.526362 
59.114958 410.805043 39.755120 407.284614 4.136767 0.125000 2.482349 
283.160421 117.535103 270.640996 117.294086 5.167493 0.125000 8.577805 
373.140892 467.572638 404.365046 468.470984 2.606812 0.125000 17.563500 
643.215674 130.550465 642.752078 145.536123 5.384124 0.125000 18.570996 
659.708520 373.150610 657.506470 401.827504 5.178915 0.125000 21.974690 
351.867084 449.254067 374.352565 447.782246 4.499448 0.125000 12.023694 
59.405256 433.307123 26.893359 433.994002 4.013192 0.125000 19.151821 
394.480286 291.365743 396.030372 299.295762 5.174714 0.125000 9.878187 
223.300779 112.719323 209.450229 111.881436 6.087634 0.125000 8.145528 
454.493925 151.200086 440.719275 150.349063 3.742864 0.125000 9.018595 
599.755060 295.553503 593.705846 291.088131 5.507452 0.125000 0.732379 
231.099433 237.090939 233.757939 215.860787 6.669728 0.125000 27.141770 
524.635610 123.113986 524.567988 136.863654 5.055267 0.125000 15.813830 
404.504485 128.463296 393.302902 126.872390 5.301858 0.125000 4.765573 
615.618618 299.809846 599.485225 296.359590 10.040292 0.125000 19.041515 
120.920703 167.491980 125.612704 151.153530 4.972128 0.125000 0.415215 
370.660973 92.625142 316.919436 88.757544 1.865467 0.125000 39.185412 
346.907419 437.559944 369.405081 438.850697 3.140279 0.125000 13.381932 
637.000389 38.134252 637.557541 30.583131 2.236142 0.031250 0.184560 
366.964046 442.005411 346.793386 440.401150 2.888550 0.125000 20.062054 
468.169189 320.572129 467.122623 344.440666 6.791563 0.125000 16.225989 
347.965197 353.111969 345.923601 378.149349 3.128054 0.125000 19.233512 
118.143227 435.327139 76.894704 432.803010 2.724378 0.125000 32.818798 
229.434530 384.336098 203.125211 385.629301 3.929582 0.125000 7.698749 
266.812218 456.322159 290.594484 458.463861 1.917649 0.125000 3.918851 
409.385505 445.355235 384.326152 444.379354 2.887240 0.125000 19.442223 
674.642024 305.309371 683.195597 314.307894 4.485196 0.125000 0.656478 
239.768515 225.597785 239.172071 244.368552 2.935427 0.125000 14.988881 
71.592150 270.590842 69.437260 288.434433 4.963933 0.125000 5.282663 
133.143891 111.981156 118.173083 114.645208 2.242336 0.125000 2.289385 
216.842266 353.122015 214.673433 376.902218 3.057331 0.125000 9.758811 
39.689391 369.284749 41.743370 347.991724 3.852695 0.125000 20.088755 
271.007276 232.171731 269.875866 219.330869 6.225880 0.125000 5.454930 
180.915809 328.153984 177.153645 365.901935 5.231610 0.125000 33.853116 
606.870758 63.616672 588.143720 63.455109 5.064516 0.125000 15.766976 
383.095862 157.257466 394.375624 158.116804 1.911072 0.062500 2.378660 
44.965569 350.557417 43.418267 365.655056 1.607092 0.125000 0.847287 
26.914513 435.234824 48.199398 437.390357 2.125248 0.125000 5.579464 
238.692160 178.117609 238.827447 165.619073 1.385221 0.125000 1.407338 
393.809706 228.195293 394.597712 220.519537 4.113362 0.125000 0.441071 
429.813831 228.186490 431.923344 213.131774 2.649272 0.125000 5.637937 
245.612969 453.322232 221.875044 451.874281 2.571467 0.125000 17.032896 
281.349622 152.600798 290.755452 149.815538 6.568804 0.125000 7.153305 
0.609757 65.819095 178.094968 79.757420 1.833348 0.125000 126.209279 
539.431069 233.758196 588.006933 238.173839 3.734893 0.125000 48.203448 
276.904613 452.753717 309.397307 455.345317 2.690853 0.125000 14.964224 
373.207633 78.230378 415.666827 81.295614 2.520179 0.125000 18.197780 
615.673514 49.783731 634.433212 50.865563 2.351923 0.125000 10.781277 
76.744093 429.149337 103.119196 426.809576 4.839880 0.125000 18.263963 
234.319341 213.259012 233.518480 205.456315 5.229126 0.125000 1.550584 
571.909029 369.282174 569.318549 403.216114 4.024561 0.125000 31.542744 
169.964439 408.009085 168.187385 418.135947 4.125659 0.125000 0.118756 
471.226201 299.458427 468.432428 319.591121 2.120780 0.125000 2.371990 
158.070867 232.442557 189.393591 235.430086 2.312519 0.125000 20.168106 
228.158398 176.590949 215.538911 175.107201 4.454168 0.125000 6.634021 
492.990529 234.015210 475.175903 240.673398 2.353509 0.125000 9.374736 
648.127853 171.834314 673.092757 173.584832 1.444666 0.125000 2.289385 
519.425901 257.694212 536.976269 259.767938 5.033399 0.125000 11.452897 
370.093611 101.839853 368.024775 133.118371 2.319746 0.125000 23.213275 
567.537613 416.722459 565.235954 444.446477 3.737143 0.125000 13.818794 
81.519331 149.357618 82.497389 129.344328 4.111621 0.125000 3.582739 
548.153446 177.847718 526.997863 175.677382 4.495823 0.125000 3.489315 
373.144578 448.494400 398.160004 449.050559 3.693506 0.125000 4.197878 
445.515292 446.223610 479.276747 452.411108 3.585722 0.125000 20.969348 
529.484982 234.837685 517.992928 237.569385 2.721305 0.125000 0.441071 
50.662339 446.201541 70.659419 444.906464 2.979483 0.125000 12.412894 
561.197178 374.327196 559.693558 395.647466 2.581744 0.125000 4.545387 
80.170329 214.343914 81.106047 200.657889 2.494177 0.125000 1.303060 
512.737204 346.936567 515.420368 309.360388 3.651445 0.125000 43.849187 
26.614665 238.099841 25.166887 253.080727 2.969374 0.125000 5.579464 
484.317455 255.115947 497.032004 256.103403 5.178565 0.125000 18.568994 
564.790780 455.560864 563.247498 475.634418 2.492644 0.125000 7.296204 
426.817260 459.558413 373.154333 457.396795 2.557072 0.125000 25.094502 
504.329831 46.805710 520.651583 47.430110 3.071588 0.125000 5.809722 
620.685927 97.735171 630.828893 99.320430 4.091064 0.125000 2.243298 
117.343208 344.312914 115.445423 368.210007 2.986939 0.125000 8.092202 
110.649286 449.854540 129.414462 448.904200 2.939367 0.125000 5.966966 
649.871049 327.062047 644.762114 306.468851 6.658805 0.125000 35.235081 
458.182537 160.884413 435.685830 159.577722 2.423311 0.125000 5.809722 
0.608551 373.602560 15.633780 374.120089 1.722584 0.125000 5.362737 
379.340210 452.357374 355.582358 453.434130 3.063382 0.125000 15.050122 
496.833397 277.049401 462.643496 268.893485 6.826609 0.125000 41.422710 
704.559228 346.887608 706.359026 320.589687 3.091608 0.125000 21.808731 
111.983725 259.376090 112.297037 228.129232 2.813202 0.125000 20.088755 
279.461203 396.598112 265.708394 397.816403 2.710846 0.125000 2.166967 
284.385845 438.030395 305.643085 440.467240 2.238405 0.125000 5.603553 
707.906079 365.610581 701.315775 465.670497 2.606797 0.125000 72.832404 
304.400648 87.867761 293.137980 86.744820 1.863912 0.062500 1.202448 
394.392830 358.967507 381.862126 358.419212 1.740591 0.125000 2.653467 
685.710414 360.049732 675.563981 360.500002 6.631774 0.125000 3.504644 
460.643300 205.368363 436.836086 203.670717 2.938215 0.125000 19.678798 
501.642726 256.925417 519.224579 258.526651 9.054053 0.125000 26.459949 
690.508021 314.972203 696.702842 325.724190 7.287546 0.125000 2.120119 
595.703052 238.661623 613.131186 240.568461 3.047989 0.125000 4.987887 
369.428233 272.797553 374.144100 255.561823 4.822737 0.125000 5.765902 
549.705641 166.963984 549.078260 178.108295 5.413649 0.125000 1.705070 
323.182474 252.279428 325.811469 235.654487 3.962415 0.125000 0.054100 
338.104921 396.137188 325.614172 396.477112 5.202179 0.125000 9.953113 
391.848518 411.872995 393.744325 386.827262 3.058953 0.125000 12.980387 
179.301832 224.100827 189.245925 224.846444 5.266395 0.125000 0.853216 
132.484981 310.450178 133.915339 325.668204 8.402875 0.125000 0.138976 
436.860720 157.085825 459.342244 158.608600 1.987437 0.125000 11.684367 
68.035729 280.617812 69.143773 266.856382 1.948228 0.125000 0.526362 
365.989384 262.730289 364.119623 272.846771 6.827455 0.125000 9.565575 
500.041141 414.359219 499.635996 429.348268 3.917503 0.125000 1.705070 
604.887153 391.881696 604.694215 370.622103 3.817908 0.125000 10.428014 
53.134826 261.333125 28.097725 260.879100 2.499589 0.125000 9.241692 
66.920158 451.167493 81.938758 452.126076 3.131891 0.062500 1.543554 
250.676473 83.764707 194.405052 79.018691 1.665793 0.125000 34.739889 
328.096122 450.037501 340.749878 449.415509 3.745478 0.125000 0.591494 
304.261486 289.366587 306.947071 253.130341 2.170462 0.125000 23.817846 
404.367671 452.024925 376.933225 450.683871 1.552168 0.125000 3.017142 
30.587098 257.306456 54.373155 259.396004 2.339087 0.125000 3.189531 
118.880486 240.309223 115.216486 260.551054 3.244743 0.125000 12.462274 
190.641771 215.057234 178.115777 214.687233 1.581620 0.125000 0.847287 
386.835647 96.161557 420.587448 98.637009 1.487541 0.125000 10.003974 
534.388896 284.286993 497.865230 278.520259 7.148262 0.125000 67.420044 
14.284881 155.612741 12.236086 170.674118 2.308701 0.125000 3.899550 
537.801237 369.349999 536.155239 390.665945 2.877529 0.125000 9.953113 
634.327145 389.292144 635.519306 370.618252 3.901660 0.125000 23.213275 
341.946738 439.479128 324.359158 438.378039 2.573220 0.125000 8.254513 
309.309726 254.370479 306.885135 289.375702 2.110739 0.125000 17.521573 
351.830856 374.371041 346.331615 435.688373 3.494928 0.125000 42.852071 
261.809573 388.023713 284.378749 389.309185 2.890960 0.125000 11.720317 
388.878319 312.129218 373.868606 319.615835 11.743701 0.125000 17.733898 
457.686568 305.521898 458.996357 315.831904 4.822842 0.125000 0.853216 
64.763128 290.444926 52.277919 297.969469 10.720327 0.125000 29.449627 
285.649511 86.404185 275.611641 85.881597 1.766532 0.062500 0.028154 
484.369209 430.663346 470.556693 428.577281 2.169319 0.125000 2.289385 
648.163684 340.626706 648.768818 326.903389 2.605277 0.125000 4.056312 
324.760466 380.728936 326.115553 359.406175 5.069213 0.125000 15.336062 
421.098530 356.906306 423.495543 320.649497 2.577014 0.125000 26.019978 
28.149508 401.235460 4.437726 402.187415 5.146405 0.125000 35.376106 
87.628657 310.556095 83.982510 336.820513 4.952505 0.125000 11.780270 
90.457386 246.842709 90.010284 231.856047 2.797089 0.125000 0.578388 
126.103635 261.961692 127.113543 241.824275 2.931365 0.125000 7.766081 
574.814258 383.140979 575.453321 365.573283 2.362023 0.125000 4.760139 
270.633961 464.428495 286.847788 461.712551 2.265362 0.125000 0.473540 
360.336836 314.440161 374.915400 305.230427 8.621974 0.125000 18.918514 
16.819456 375.141813 31.765647 373.423712 4.824538 0.125000 0.732796 
219.392978 528.989466 261.858927 530.969691 3.454803 0.125000 37.178915 
328.022494 240.626299 328.371249 268.137724 2.642301 0.125000 2.818547 
457.506693 243.062993 460.137872 216.826148 2.990002 0.125000 3.987132 
484.329992 486.504703 470.630448 488.169825 2.481735 0.125000 4.459647 
26.822304 112.129643 36.659699 114.165401 4.685430 0.125000 1.934464 
466.878975 442.436881 441.872589 442.292434 1.372725 0.125000 0.441071 
394.322240 379.379935 394.373802 366.869843 2.546347 0.125000 1.409405 
490.690054 443.126363 490.900633 433.078383 3.880132 0.125000 3.017142 
94.339695 442.450829 79.395870 441.534609 2.112840 0.062500 0.723558 
416.674308 467.769772 432.023589 471.212524 3.807246 0.125000 3.440799 
700.792862 436.885624 702.615244 408.092736 1.942302 0.125000 9.877003 
123.213771 291.883858 125.708367 266.883319 3.110916 0.125000 11.562089 
253.233515 216.880130 252.228426 238.141707 1.838853 0.125000 8.486810 
500.672113 513.882564 516.893227 515.434490 2.607684 0.125000 3.869385 
253.093524 465.134092 234.420293 466.331391 2.094958 0.125000 3.032450 
0.648327 369.092635 18.132269 370.537007 1.976944 0.125000 5.362737 
41.854966 370.907864 20.534849 369.397891 1.409815 0.125000 2.653467 
113.013628 426.901502 131.835241 425.188217 3.847876 0.125000 0.030041 
205.605291 455.793240 227.000969 458.299705 4.888055 0.125000 6.255185 
208.195497 436.076808 239.422708 438.834834 2.415778 0.125000 2.535795 
306.895977 442.917970 284.373891 440.635949 2.125699 0.125000 1.934464 
294.399255 89.040682 353.112283 93.300293 1.537639 0.125000 32.075447 
26.920950 251.137460 41.940529 252.073213 2.883798 0.125000 9.374736 
360.838883 214.929818 343.095524 209.470805 3.124621 0.125000 5.346329 
669.387090 512.634795 653.146968 512.234267 1.650270 0.125000 4.941030 
699.147928 465.611698 700.173878 448.098572 1.686472 0.125000 4.459647 
67.851486 325.502862 66.632692 340.705785 6.230012 0.125000 0.882060 
349.423557 461.435538 368.220306 463.512443 2.210316 0.125000 4.768082 
494.307432 474.603203 510.637586 475.349642 1.756935 0.125000 2.166906 
92.221557 290.546904 94.054102 269.347261 2.167757 0.125000 6.448950 
453.051114 244.418377 447.949285 235.728158 2.874120 0.062500 1.853360 
119.985106 219.891817 110.538160 208.195137 3.291403 0.125000 0.082847 
350.444772 271.751244 359.264283 258.907308 4.857577 0.125000 0.377501 
471.863498 328.124501 473.111398 299.374410 1.953493 0.125000 10.701616 
601.341756 375.595146 599.938687 400.656558 2.845452 0.125000 11.185633 
138.090881 438.552919 159.356130 437.670346 2.808855 0.125000 1.705070 
71.438813 325.717775 75.863781 286.902221 3.017953 0.125000 23.378584 
380.132526 385.595278 379.526665 395.634153 2.096367 0.125000 0.847287 
618.638837 362.880253 609.779152 364.898844 7.482251 0.125000 1.162722 
107.425084 298.196186 111.166680 269.283337 2.800174 0.125000 27.328236 
304.621890 253.148407 302.966419 270.609965 1.716337 0.125000 2.653467 
151.873851 435.641396 139.347770 434.763535 1.771275 0.125000 0.847287 
411.828738 440.146149 425.604150 440.972555 2.196095 0.125000 0.526362 
641.896557 471.600493 666.938448 473.567063 2.394464 0.125000 8.289436 
218.112856 466.786709 201.827096 469.026723 2.136029 0.125000 4.056312 
204.381616 229.895893 193.117556 230.038967 1.376907 0.062500 1.202448 
444.327917 406.872574 445.166150 390.601362 2.560999 0.125000 3.079846 
264.314846 401.000602 279.415367 399.961772 2.065155 0.125000 0.441071 
663.285773 495.939303 650.407920 497.262842 2.735944 0.062500 2.199009 
201.351169 272.965114 202.163721 289.360691 6.242339 0.125000 11.858042 
501.879071 521.739620 454.346877 520.310111 3.673153 0.125000 27.916111 
261.487799 230.591622 262.069079 245.617492 3.939544 0.125000 0.656478 
413.695192 420.559329 419.746324 357.919366 4.976832 0.125000 60.242942 
90.856275 276.903439 88.717773 294.294182 2.176189 0.062500 3.877572 
403.139974 481.716222 381.843617 479.707768 3.193154 0.125000 7.766081 
188.123391 520.342669 245.621524 520.015019 2.628173 0.125000 51.847017 
378.126874 440.715359 403.090219 440.197705 4.137921 0.125000 0.161771 
346.838536 443.668306 359.449519 444.514702 2.243269 0.125000 0.847287 
539.604951 393.221093 540.671369 376.796849 3.337163 0.125000 1.894504 
295.810018 248.283829 284.266627 249.799790 7.924434 0.125000 9.477012 
300.378703 270.598616 302.260452 253.032387 3.018347 0.125000 3.189531 
463.982932 357.391608 460.733219 370.651522 8.450693 0.125000 21.015374 
90.816228 331.900669 93.684589 310.532323 3.234501 0.125000 14.985730 
364.457728 375.632755 365.292547 366.726667 3.267000 0.125000 2.653467 
445.876964 349.833491 437.983145 347.320618 4.331653 0.125000 1.319033 
35.228837 394.279312 34.496266 406.882049 4.991574 0.125000 5.251525 
399.353713 471.194451 376.885110 470.354551 2.358174 0.125000 1.934464 
228.084294 424.985868 201.867413 423.238858 2.411356 0.125000 1.262206 
352.667657 357.991039 351.572463 371.949340 3.113510 0.125000 1.137941 
419.364941 478.363550 438.134277 479.155003 2.761092 0.125000 7.296152 
44.049110 250.693816 44.525752 244.293142 3.300300 0.125000 0.847287 
169.812270 249.443140 171.583072 238.079509 2.855119 0.062500 0.045934 
403.108542 504.808017 444.393921 506.377186 2.593147 0.125000 15.829431 
228.106238 432.417255 241.882995 432.893921 1.638262 0.062500 2.628650 
624.348986 462.332689 641.863453 463.328158 1.744508 0.125000 3.556557 
204.699694 249.514445 200.943080 258.261605 5.580770 0.125000 4.344836 
203.114024 420.884419 230.617678 422.048059 1.830106 0.125000 14.393637 
409.117329 394.368331 409.243399 413.125884 3.766717 0.125000 9.758811 
709.406762 178.877563 699.367876 178.236564 1.725373 0.062500 2.352437 
368.193041 500.035347 403.302507 504.086709 3.247565 0.125000 15.144105 
471.851998 254.854647 483.241139 254.514580 7.533966 0.125000 6.080675 
85.738929 293.143706 90.066940 266.783374 2.872013 0.125000 5.595332 
411.167297 350.610630 410.455893 385.646947 4.383621 0.125000 26.118130 
138.111903 450.408994 161.889754 450.710166 2.753101 0.125000 12.362342 
200.729280 258.118680 200.793528 271.885880 7.517419 0.125000 15.829431 
108.204294 266.892102 105.001892 281.740613 3.138655 0.125000 1.137941 
131.870542 503.651720 148.119378 503.789239 1.376900 0.125000 3.172405 
151.821532 507.320514 177.994590 510.461629 2.382752 0.125000 18.796321 
80.850401 268.102322 80.490298 284.372019 3.970361 0.125000 2.458583 
175.144952 239.413864 174.326802 255.622567 1.871821 0.125000 0.441071 
419.409788 470.901806 405.564281 472.641867 3.564861 0.125000 0.591494 
31.824164 493.745480 46.825876 494.974582 2.491651 0.125000 2.166967 
115.038647 268.114554 114.503967 298.127298 2.544134 0.125000 20.090992 
19.404679 297.146153 32.162296 295.749750 4.698298 0.125000 9.953113 
389.356611 150.933541 373.089893 149.964054 1.900633 0.125000 1.750377 
295.586279 299.186949 299.057816 275.396316 5.850048 0.125000 15.316716 
278.109185 402.911980 261.855967 404.118634 1.683046 0.062500 1.475471 
411.023268 330.637176 410.449422 349.407847 3.939231 0.125000 15.829718 
476.883068 448.064968 455.680040 445.215451 2.071328 0.125000 1.550584 
316.463378 258.088629 314.800111 276.912562 2.490298 0.125000 6.448950 
620.544946 171.580341 640.613518 173.262020 2.178129 0.125000 4.768082 
287.204739 269.402442 284.398051 303.126918 2.284044 0.125000 20.090992 
538.129477 486.951996 514.314630 488.336825 3.671111 0.125000 1.089789 
162.901537 430.503688 144.382483 426.837204 3.193060 0.125000 4.765573 
481.851375 267.084645 508.050401 270.036990 2.501917 0.125000 6.576073 
160.620465 63.219462 188.117105 64.539467 1.907886 0.125000 2.162003 
524.076072 404.114500 508.146956 399.302321 1.616789 0.062500 2.628650 
224.346283 430.995545 201.884320 429.254744 1.729189 0.125000 6.265827 
242.319388 359.420536 244.753718 335.663807 2.359558 0.125000 5.154504 
561.832107 498.747432 591.861779 500.816855 3.611265 0.125000 7.292702 
58.146206 506.144666 41.872296 506.808744 1.656684 0.125000 2.289385 
405.665513 507.777373 370.703341 503.702794 1.820392 0.125000 8.577805 
469.372881 483.002855 491.874758 482.968110 3.763506 0.125000 3.526254 
41.023105 288.578692 52.521531 285.891836 6.734407 0.125000 2.863300 
279.392450 281.876166 277.884096 304.442449 2.494434 0.125000 12.478086 
75.723647 285.628115 76.236308 269.394305 1.565018 0.125000 0.847287 
253.120599 386.944840 230.552677 385.522689 2.966739 0.125000 1.162722 
246.483158 360.592766 245.444973 373.213020 3.003999 0.125000 4.768082 
341.892288 77.805173 364.394108 79.021516 1.518060 0.125000 3.172405 
682.753040 376.855154 682.017939 390.632627 1.714420 0.125000 0.526362 
324.477614 298.077679 323.598450 319.394526 2.961462 0.125000 12.462274 
438.140403 512.508818 456.879336 512.053422 1.644424 0.125000 5.362737 
68.066313 492.730428 95.608195 494.619949 2.323026 0.125000 15.953649 
553.057305 279.272938 566.906570 280.089646 2.274906 0.125000 1.407338 
293.850049 259.363169 293.596002 270.635615 1.503160 0.125000 2.653467 
581.687727 292.703169 560.395828 287.888455 3.816934 0.125000 14.603655 
211.874081 475.428260 230.623672 475.340697 2.511648 0.125000 1.137941 
311.935620 387.310391 294.346981 386.001517 2.214817 0.125000 1.409405 
54.351703 472.100555 71.922472 473.915391 1.412683 0.125000 0.847287 
579.667907 341.456018 588.227683 347.440085 7.678924 0.125000 1.417062 
75.686223 479.915173 94.404787 481.529648 2.920407 0.125000 8.995828 
145.622247 460.702160 156.947022 461.106171 3.836747 0.125000 3.079846 
247.226845 436.907931 248.292360 425.523670 3.966652 0.125000 1.137941 
428.218023 514.228335 400.590815 512.388266 2.994077 0.125000 10.428014 
96.867294 496.992270 135.624004 496.728606 2.729540 0.125000 22.035221 
410.689137 462.668683 424.425608 462.237589 4.061832 0.062500 0.171304 
461.900089 444.083298 481.859950 445.799990 1.459629 0.125000 0.847287 
183.085224 528.410632 194.367588 527.945285 2.806955 0.125000 1.319033 
221.791997 454.915872 203.098581 452.047152 1.523036 0.125000 0.526362 
184.271903 346.870022 185.117747 329.350510 1.610225 0.125000 3.556557 
69.720163 303.243259 68.153384 324.377104 4.109402 0.125000 9.390575 
258.111387 513.300494 235.649585 511.558076 2.105811 0.125000 4.723538 
273.148723 391.419987 255.631170 390.506662 1.703891 0.125000 4.459647 
289.186844 304.368625 289.990550 280.645854 2.371593 0.125000 4.344836 
115.620744 487.963255 90.605173 488.621496 1.446849 0.125000 3.556557 
218.103361 415.919349 205.579153 414.998652 2.859850 0.125000 1.319033 
234.381753 509.229297 253.149372 510.099177 1.653787 0.125000 4.459647 
271.381351 265.531001 272.325652 248.014521 5.127328 0.125000 5.282663 
274.877620 376.891898 275.592649 355.623912 1.669306 0.125000 8.975097 
445.664349 507.671203 471.850392 506.377066 2.126748 0.125000 13.821419 
640.619922 451.914126 626.778610 450.117667 2.640093 0.125000 4.941030 
193.917033 350.583227 192.087164 370.644353 1.812567 0.125000 3.017142 
690.784339 396.879403 691.338444 376.825636 3.748569 0.125000 6.822889 
309.405832 397.684205 296.879684 396.808042 2.930008 0.062500 2.199009 
502.193438 309.399538 499.976330 338.171337 1.534420 0.125000 6.509017 
445.646717 516.149369 429.336506 515.661239 2.835420 0.125000 8.156700 
226.842952 248.225013 214.053949 244.126909 4.761513 0.125000 5.558506 
110.696117 305.938803 108.044964 295.979037 5.231497 0.125000 1.127472 
672.878214 336.855656 671.889150 349.474087 2.296999 0.125000 0.441071 
28.120744 270.426151 40.641761 270.158191 3.775886 0.125000 1.137941 
415.747568 309.385059 414.210676 328.111514 1.859279 0.125000 3.172405 
497.999944 326.861441 499.621933 311.901774 1.646938 0.062500 0.325470 
447.587041 319.297091 450.475354 299.353328 1.399231 0.062500 2.628650 
451.039282 341.896564 452.080891 321.885717 1.638174 0.125000 6.265827 
184.352829 484.613578 160.691006 482.414714 1.707288 0.062500 2.199009 
231.863919 440.732990 219.367228 439.450747 1.753825 0.062500 0.028154 
