214.149906 114.025243 202.091247 111.010140 6.669761 0.125000 6.676392 
24.587966 167.390161 0.577900 164.813972 4.304691 0.125000 47.170465 
216.344834 126.979523 213.879101 114.472768 3.661715 0.125000 8.484384 
135.936538 111.369121 122.060509 102.823769 5.736921 0.125000 3.843674 
134.369012 164.122797 146.891632 163.825465 3.808286 0.125000 7.650897 
195.271417 103.535542 182.902443 110.212731 5.587422 0.125000 9.151073 
202.134748 110.503741 194.897596 102.535679 5.466940 0.125000 2.259045 
49.829355 130.882475 37.659587 93.275610 3.952695 0.125000 38.173377 
184.469714 45.379023 116.766258 41.092547 3.693853 0.125000 109.099897 
38.104959 168.501418 28.133225 167.970510 4.143441 0.125000 9.216261 
221.948630 170.653807 215.015288 188.375503 6.275834 0.125000 17.032657 
20.753578 72.465164 8.095477 66.942669 9.165670 0.125000 14.570940 
137.947362 115.464325 147.422118 104.989241 3.708155 0.125000 3.675314 
115.720433 40.921574 104.334274 39.781877 3.110052 0.125000 5.946894 
146.829972 162.797567 154.433877 163.168697 3.925381 0.125000 0.838158 
211.983570 136.393578 219.765143 122.638557 8.846747 0.125000 12.108742 
38.864541 95.187513 30.793536 85.671828 6.757874 0.125000 16.823139 
185.598351 95.423698 190.525581 83.802848 6.380184 0.125000 3.118614 
209.301704 165.722773 187.898184 149.677561 5.003610 0.125000 32.599325 
26.381329 82.688067 20.570095 72.628847 4.329467 0.125000 4.781954 
18.624739 79.644900 22.096407 89.295351 5.457900 0.125000 2.259045 
124.947030 205.542545 122.071951 185.596611 2.998294 0.125000 8.197544 
10.101108 74.437379 18.492753 79.568002 3.613833 0.125000 6.988374 
166.851111 112.746204 141.856487 113.112795 3.767928 0.125000 11.074412 
213.259093 185.597835 209.120806 165.170042 4.900456 0.125000 16.583922 
238.238471 191.571212 225.623179 190.649934 3.375866 0.125000 6.815426 
121.561356 163.129515 121.381432 150.632106 3.142606 0.125000 0.838158 
217.927210 190.546433 225.382287 171.778588 2.800979 0.125000 17.319029 
31.212769 94.863365 44.022074 125.771265 6.897626 0.125000 44.809918 
73.606217 220.347508 77.017674 226.263536 3.246870 0.125000 1.991541 
206.887641 46.672805 185.486843 45.334870 7.095769 0.125000 25.062431 
136.909260 120.504801 154.412443 125.493633 2.578468 0.125000 1.604199 
22.812622 87.105784 32.020051 95.576105 4.599697 0.125000 10.336780 
121.079602 179.436098 121.666112 163.072709 6.290764 0.125000 10.076629 
238.351008 80.706345 231.627260 79.406026 3.444440 0.125000 0.815450 
59.135776 138.374914 49.546502 129.195834 2.863463 0.125000 9.428580 
38.102201 130.837848 26.854933 130.662554 3.905381 0.125000 2.779723 
180.631244 15.586069 205.786124 19.620346 5.775255 0.125000 25.680072 
231.953172 48.525659 207.946343 46.316117 6.109132 0.125000 29.699576 
61.835680 171.033484 38.184501 168.756860 3.087345 0.125000 24.113153 
230.070756 79.458414 226.619626 108.244246 3.872133 0.125000 14.083006 
235.633381 14.260621 190.509286 10.954198 4.502963 0.125000 51.162305 
212.796458 64.312297 227.207971 60.705402 4.243419 0.125000 3.309551 
154.001258 217.012096 141.202710 182.121610 3.556297 0.125000 36.881747 
77.214852 225.699003 86.572012 238.349117 2.161356 0.125000 7.410081 
68.886625 209.864992 84.538447 225.465151 7.085670 0.125000 6.288199 
187.510659 149.836309 175.951898 140.520335 7.785975 0.125000 14.396113 
22.034224 212.669129 38.089444 211.418534 3.657322 0.125000 14.525430 
117.453513 158.015744 102.006646 165.849409 6.171363 0.125000 12.308466 
64.870819 238.461106 59.187545 225.708541 3.549341 0.125000 6.216017 
50.588838 37.653232 0.580648 35.329485 3.019499 0.125000 49.319082 
0.541920 221.181170 25.726836 224.943271 3.837082 0.125000 15.311200 
151.743720 153.229485 142.259900 141.313526 3.333380 0.125000 4.781954 
172.991548 49.930850 193.604062 54.879620 9.383667 0.125000 39.251359 
30.618931 225.721361 49.373271 226.902462 3.114056 0.125000 6.592732 
15.661437 11.088816 0.635779 10.392428 3.018159 0.125000 2.638838 
149.303999 51.017800 164.407452 49.766793 6.228670 0.125000 11.074412 
169.418207 160.621133 171.657885 185.644433 3.066464 0.125000 9.366677 
235.016308 155.669063 234.241096 166.951685 3.008221 0.125000 1.797839 
238.326751 234.252554 213.235418 238.742108 2.771607 0.125000 11.806155 
76.564044 230.591821 75.758727 238.139269 3.596211 0.125000 3.797721 
36.097137 218.724487 29.809372 223.676535 2.946038 0.062500 2.372814 
134.181061 235.696006 129.554436 223.059304 3.636877 0.125000 14.088798 
223.091539 18.996884 236.861413 18.713885 6.300050 0.125000 8.128019 
125.538343 231.813357 93.879759 196.203980 3.631727 0.125000 29.222753 
59.306287 223.407930 61.774897 213.101024 4.811471 0.125000 2.900560 
121.400620 140.428875 113.744775 110.152203 4.276194 0.125000 20.157840 
88.184024 125.949916 68.163480 129.586827 2.793793 0.125000 6.392180 
105.287090 41.248089 111.960439 50.957106 3.926189 0.125000 4.586172 
63.030424 127.638948 88.290178 122.723894 3.952960 0.125000 12.421825 
187.431701 78.319353 184.468336 67.748421 9.100024 0.125000 12.862426 
236.398496 30.745955 233.888238 46.798883 3.588124 0.125000 3.941848 
15.728870 20.940186 0.637407 19.263336 3.036873 0.125000 5.399599 
230.054662 106.315007 217.670102 118.928353 3.486851 0.125000 9.813425 
0.589366 134.496617 9.374850 134.364990 5.036890 0.125000 4.586172 
120.403958 150.634655 120.498006 140.612079 2.570264 0.125000 3.797721 
20.374718 6.595565 38.294769 11.216655 4.567598 0.125000 9.438479 
63.089309 201.878500 62.336926 194.207101 2.613085 0.062500 4.399781 
40.733035 194.716959 38.363400 186.803612 5.507015 0.125000 3.775950 
39.450025 182.122795 37.217982 171.539050 7.854466 0.125000 1.793455 
85.557462 225.698019 99.872425 238.938639 3.739459 0.125000 25.260620 
62.332495 194.331974 62.568821 183.113284 3.880797 0.125000 0.603893 
69.235697 86.586216 84.339138 79.300657 6.291419 0.125000 15.400079 
37.884641 50.387106 49.125322 39.127803 7.961533 0.125000 5.898384 
10.171674 156.181558 18.591837 150.677015 5.553022 0.125000 12.748960 
206.873528 19.120186 221.877193 19.142381 2.522188 0.125000 10.119351 
82.168624 114.884837 71.956355 120.766262 5.744952 0.125000 1.038722 
17.066786 219.599851 23.770575 213.881875 6.909051 0.125000 1.437676 
107.189142 94.270612 100.706920 74.763146 9.080822 0.125000 44.422343 
99.718081 66.581378 88.143555 55.605433 8.022511 0.125000 16.072678 
70.939353 180.616775 70.763258 200.648193 6.238770 0.125000 30.195370 
174.526960 94.041364 168.499932 91.296261 3.300254 0.125000 0.185361 
143.403425 183.051075 140.366172 171.611832 1.716319 0.125000 0.185361 
138.252250 47.676889 149.491009 50.868354 9.263513 0.125000 12.728831 
113.022559 51.166300 132.037766 54.764945 3.087701 0.125000 13.613447 
156.272423 140.458450 153.117502 151.872928 1.578854 0.125000 0.185361 
46.833736 88.807588 59.514091 89.574139 6.314038 0.125000 7.081574 
232.846717 124.330327 230.405059 139.540355 3.260898 0.125000 7.732650 
125.608504 47.937360 138.149882 47.793455 3.792780 0.125000 5.399599 
72.798419 63.890920 64.835050 71.131009 8.912853 0.125000 20.415081 
231.201861 147.886899 224.334145 167.302696 3.190579 0.125000 11.439220 
94.665172 92.056616 90.095221 99.358141 3.727825 0.125000 0.001331 
226.814698 174.354299 221.297129 190.426619 1.958676 0.125000 3.350404 
27.950004 68.138128 19.194871 66.925178 3.199906 0.125000 0.770779 
79.807645 102.427228 73.613732 98.586770 5.970506 0.125000 3.597929 
173.716357 191.851877 172.883594 215.572641 3.572265 0.125000 8.548638 
13.140788 93.025462 1.780066 91.223541 1.844135 0.125000 0.185361 
151.018885 54.517474 143.727145 60.153974 4.720384 0.125000 2.969171 
220.222250 123.051253 232.690220 108.989499 6.123045 0.125000 23.625541 
116.774641 98.461064 135.825803 84.652032 6.500567 0.125000 17.610634 
85.859667 195.377916 128.104221 238.145525 3.763870 0.125000 48.277211 
134.386970 75.455456 116.798139 74.213650 3.476589 0.125000 10.466896 
69.289585 226.887454 67.426840 214.112274 3.710761 0.125000 0.603893 
86.945308 136.134979 70.321940 138.426749 4.099572 0.125000 2.817039 
205.207248 63.412654 213.773011 65.739811 6.359095 0.125000 3.174816 
29.436553 41.702665 39.493029 45.294545 7.819719 0.125000 4.865891 
73.174737 166.756045 71.702581 181.610143 6.712652 0.125000 12.566929 
117.050397 239.176818 95.418901 217.076729 2.907200 0.125000 35.964387 
116.809715 59.898062 130.656044 61.626278 2.947046 0.125000 9.646777 
66.091569 94.350100 67.022872 111.800397 5.126127 0.125000 11.234567 
70.653237 5.195133 48.093905 5.971842 3.962837 0.125000 12.206118 
100.427316 75.858312 95.146785 64.670720 11.050861 0.125000 39.362874 
106.936479 175.516049 119.627597 182.677354 4.968863 0.125000 8.596905 
157.325046 119.453694 181.367871 128.691580 16.329775 0.125000 104.804976 
196.375741 211.503367 199.101770 217.010255 3.160575 0.125000 0.185361 
228.083501 59.622048 238.145071 59.900962 3.921748 0.125000 2.779723 
189.394595 11.258954 178.132812 11.376089 5.038732 0.125000 2.259045 
97.242838 184.651180 122.085541 199.010755 4.110070 0.125000 9.674905 
134.216238 81.651184 117.506992 93.503759 3.058636 0.125000 8.401815 
67.575799 195.621785 67.692930 175.615152 2.470685 0.125000 6.216017 
181.917908 237.704669 166.946321 236.176340 4.619212 0.125000 0.049864 
59.514525 230.847286 47.968231 229.279736 2.583918 0.125000 4.336729 
94.344073 173.410669 106.833021 174.762754 2.740037 0.125000 2.520884 
24.426584 143.949020 47.496501 146.742692 12.370587 0.125000 76.428996 
108.290852 239.307501 73.029589 206.979066 3.687238 0.125000 55.497780 
95.161308 193.768882 108.364972 203.277522 4.220137 0.125000 5.101067 
119.767013 185.975022 93.584370 174.570383 3.030260 0.125000 7.400277 
93.022876 239.363573 76.321988 221.131571 3.841772 0.125000 16.331049 
93.926003 221.101478 112.591873 238.690758 2.029340 0.125000 14.681903 
109.262447 43.713246 124.655592 46.658518 4.569643 0.125000 6.597561 
121.188880 194.630102 100.689316 183.011522 2.791310 0.125000 15.308543 
226.420261 167.920376 234.231840 150.560581 2.507888 0.125000 2.130192 
229.234652 182.218556 236.895410 182.893256 3.187211 0.125000 1.088451 
1.765886 45.412138 18.276481 46.199823 6.779003 0.125000 12.943901 
165.680003 53.636769 151.688584 55.140526 4.837792 0.125000 7.067266 
15.612080 149.812144 31.880271 149.936729 7.538070 0.125000 2.897275 
174.294759 135.807674 163.149729 135.183466 6.589721 0.125000 12.255521 
1.831370 38.653122 30.489047 41.020645 4.880107 0.125000 26.616187 
211.855558 53.757571 226.892682 53.912865 5.025550 0.125000 8.870234 
111.965224 122.658796 106.904261 139.383854 10.405782 0.125000 27.441934 
65.344496 142.533725 75.611861 146.905855 7.390156 0.125000 11.945639 
70.491485 133.689852 84.442467 130.971212 4.637128 0.125000 0.010885 
80.739662 106.729044 93.327131 116.617703 5.897728 0.125000 6.228063 
114.638489 76.827419 108.951596 86.629349 5.232637 0.125000 3.459346 
86.968601 164.299729 80.240971 155.933826 2.488056 0.125000 0.815450 
41.094259 85.450076 40.327691 94.349390 5.088828 0.062500 1.246862 
61.931840 104.597470 49.298410 107.825229 4.278757 0.125000 3.459346 
197.009421 63.057631 203.271179 75.551739 3.352522 0.125000 0.316258 
83.845836 143.046107 93.116805 139.354420 5.107698 0.125000 2.900560 
106.973238 182.954472 121.081756 191.082133 2.166252 0.125000 6.103656 
76.549211 150.690175 76.137406 164.427830 5.372291 0.125000 11.612920 
94.716043 37.989691 97.885475 45.978154 7.192412 0.125000 4.505927 
43.017758 200.578307 47.017197 191.392662 3.356388 0.125000 0.152605 
110.833227 165.910133 120.111923 159.134099 1.938503 0.125000 0.185361 
90.388629 139.242840 98.300507 132.068551 3.703968 0.125000 0.041214 
152.800172 167.962875 155.674672 184.366296 1.878517 0.125000 5.603901 
157.841611 184.418899 155.135699 166.950796 1.705134 0.125000 3.454682 
118.612378 232.633988 84.943175 198.803576 1.856423 0.125000 11.945639 
1.870926 54.235845 14.396785 53.869138 4.997859 0.125000 3.309551 
20.674085 49.118847 31.987712 51.286804 2.668240 0.125000 2.573706 
98.277823 45.381010 104.134915 50.880688 6.156319 0.125000 6.216017 
228.078052 66.483015 235.767178 65.562081 4.317994 0.125000 0.973356 
139.534320 84.301878 145.360598 96.996351 5.493815 0.125000 6.893792 
130.559015 57.912984 115.619389 56.963272 2.266476 0.125000 0.347101 
112.537242 201.226118 92.939893 182.064314 2.879913 0.125000 14.046238 
26.862626 234.511825 49.360835 234.712571 5.044413 0.125000 16.441120 
118.890675 164.851005 105.666073 170.717588 3.685575 0.125000 8.567007 
49.302789 156.211160 29.298403 153.746761 4.962485 0.125000 14.548456 
15.741176 162.098746 59.356753 167.036190 2.507525 0.125000 25.433883 
54.759725 172.672035 57.017215 187.048946 6.684591 0.125000 26.528143 
218.184624 73.608642 236.957511 71.294291 3.721824 0.125000 11.006536 
117.076451 67.450710 130.806831 68.888122 6.216030 0.125000 10.672593 
98.015476 215.741571 119.946690 236.346955 2.182242 0.125000 4.359005 
159.173547 159.813140 167.819863 163.788642 3.929295 0.125000 4.214311 
172.768272 215.918800 181.825405 226.915847 1.929227 0.125000 0.770779 
45.795272 109.299648 51.035225 121.140284 5.078138 0.125000 4.800222 
149.527927 199.303143 157.846140 217.006031 1.594767 0.125000 0.838158 
204.212544 76.958611 212.656850 93.365941 2.288079 0.062500 0.614467 
163.906221 210.870789 155.336503 194.526264 1.849032 0.125000 8.313171 
48.054860 186.883412 46.245942 171.800529 1.440275 0.125000 1.088451 
98.738761 131.545753 107.730161 114.170676 5.092795 0.125000 15.042625 
93.428538 212.868452 81.961908 199.301546 1.250273 0.125000 0.185361 
