9.374117 563.987310 131.879177 563.708201 5.119600 0.125000 201.645272 
134.263912 565.587541 135.498677 603.129155 3.830155 0.125000 23.199792 
140.627328 559.620248 8.115538 560.878345 4.390663 0.125000 160.651495 
15.460045 575.618523 16.534584 755.627032 6.679091 0.125000 296.544588 
555.650135 700.026184 408.128680 705.720337 3.085607 0.125000 188.338131 
302.024067 360.837159 363.443299 369.658923 7.246098 0.125000 131.989813 
369.400682 793.967788 218.138779 798.577173 3.962695 0.125000 230.042513 
545.641973 360.688028 476.871148 361.576988 2.709828 0.125000 85.537399 
131.882354 572.787206 75.625933 573.240723 6.310257 0.125000 91.622046 
4.158604 560.610088 6.395356 715.649953 6.922202 0.125000 266.178601 
559.427186 785.699977 409.413736 791.608491 3.973915 0.125000 256.759435 
137.144588 695.622061 137.921158 766.849966 3.940562 0.125000 54.298273 
59.387457 575.390633 16.858982 575.033732 10.136014 0.125000 101.326902 
406.865026 790.373508 373.118532 791.711908 2.696182 0.125000 24.282858 
444.308699 707.785373 526.925657 704.339551 5.256108 0.125000 113.812613 
118.942719 13.506475 144.469056 20.270022 7.177505 0.125000 39.598367 
110.888393 10.080665 120.428843 14.697100 6.714894 0.125000 7.852619 
298.127627 319.562807 216.858559 320.699394 2.893107 0.125000 117.342614 
446.862070 727.740821 331.866121 731.611179 7.790083 0.125000 246.771842 
356.880723 181.156649 213.133925 182.704083 2.916975 0.125000 214.973379 
73.131606 573.564395 60.612064 573.462365 6.310913 0.125000 14.364935 
146.202306 763.143607 144.254403 561.864070 5.971489 0.125000 442.649312 
331.865513 767.840265 450.608630 763.883698 5.247476 0.125000 265.119037 
120.612967 757.645724 135.634881 757.268574 6.248031 0.125000 1.896011 
7.436648 738.113134 8.018491 765.653659 3.881176 0.125000 19.881786 
544.378156 315.981586 465.623262 316.678608 2.610529 0.125000 93.686490 
6.145810 716.748502 6.774666 737.979876 6.876392 0.125000 39.231272 
408.105142 708.660658 443.147559 707.686504 4.269587 0.125000 45.486465 
11.865694 768.125104 9.595300 565.594505 6.151525 0.125000 501.540672 
6.853152 960.634751 6.613587 929.386587 3.749890 0.125000 28.040619 
313.138468 708.722763 300.644811 709.004260 1.503095 0.015625 8.705194 
615.611869 456.825136 798.131125 454.981377 5.529970 0.125000 303.021077 
802.477472 690.109251 808.825811 697.525068 4.474530 0.125000 1.465619 
181.984206 629.389590 178.308828 656.899560 6.526019 0.125000 28.348514 
214.367423 317.616291 305.634412 316.256850 2.890679 0.125000 119.454145 
300.619151 709.170771 214.404067 711.639936 3.575501 0.125000 69.059711 
135.464503 604.357493 136.911295 694.394503 2.580011 0.125000 88.806252 
143.965271 19.719857 158.255095 25.291331 4.914913 0.125000 7.714424 
306.875102 364.382169 213.126198 365.709638 2.634649 0.125000 79.720977 
802.163148 703.733174 798.208865 689.351940 6.237405 0.125000 9.322426 
5.768041 819.377619 5.378212 840.666260 4.069771 0.125000 8.218662 
541.876418 180.123843 396.872203 180.398509 2.573395 0.125000 181.936387 
220.364363 770.035874 226.945780 781.088528 6.214638 0.125000 10.867446 
464.377659 313.833842 545.626516 313.529118 1.545341 0.125000 84.638097 
134.747520 754.387862 132.126836 575.602986 3.749597 0.125000 306.265461 
330.650638 306.937320 307.009369 316.663159 5.238578 0.125000 22.120557 
809.797398 906.712599 799.992844 895.103209 5.942625 0.125000 2.619882 
294.960658 348.737399 305.476989 358.397003 7.214695 0.125000 21.501564 
801.051396 453.400180 785.257059 444.871161 6.423275 0.125000 20.109003 
244.556119 738.777998 229.017960 743.087745 8.361282 0.125000 17.204124 
366.874363 706.858173 313.106808 708.894695 2.498209 0.125000 53.426373 
725.630013 447.287055 640.596977 448.321524 6.508035 0.125000 179.876036 
411.829249 794.453831 433.144382 793.621160 2.595682 0.125000 12.606557 
808.369699 691.733408 797.733310 673.351647 5.464241 0.125000 4.353974 
434.350461 793.732048 556.862836 789.056285 2.545854 0.125000 145.587355 
373.126383 1041.908351 224.372911 1048.074615 3.914912 0.125000 180.929530 
803.797617 736.447430 798.225637 715.598105 6.922973 0.125000 25.479738 
185.646242 758.127865 185.398494 651.869699 4.892152 0.125000 132.858597 
309.382541 314.094700 215.628490 314.823762 2.091680 0.125000 72.010263 
7.077716 765.580501 7.846298 790.671826 10.224940 0.125000 39.672576 
106.845771 765.345643 127.995032 763.132821 5.753311 0.125000 17.262563 
559.379287 1031.952389 418.078140 1039.778988 3.340668 0.125000 179.275514 
786.871479 446.071367 720.633703 446.361564 6.496377 0.125000 140.553306 
500.519195 94.719518 555.721790 96.772831 12.171482 0.125000 145.613076 
726.754704 881.115880 743.095808 880.137457 5.289901 0.125000 19.323392 
104.380349 758.226505 119.404499 757.434787 3.942142 0.125000 3.313216 
640.912635 447.353421 609.233785 450.412742 6.701686 0.125000 43.691512 
796.877209 899.424041 734.278994 902.243300 7.953783 0.125000 103.598855 
762.264781 866.828603 763.749362 879.300681 3.541955 0.125000 2.173474 
653.106404 884.146361 668.146936 884.420201 5.112945 0.125000 15.327966 
733.215617 902.464741 629.286773 907.583775 6.303927 0.125000 219.345362 
449.140903 761.890502 448.801609 729.407102 5.326121 0.125000 73.089504 
528.051432 704.073642 559.349603 702.589438 4.337893 0.125000 37.238068 
19.340325 759.915044 31.948864 760.724603 8.732019 0.125000 16.983408 
765.566538 879.159382 779.394259 878.607804 5.245137 0.125000 14.079359 
330.577635 734.266841 331.960330 765.621237 6.023651 0.125000 73.902541 
410.593517 702.215781 554.344292 697.238163 2.801305 0.125000 173.083159 
689.374232 882.607500 699.376403 882.603152 7.499999 0.125000 3.812699 
802.572888 761.884474 802.895939 738.087952 5.203154 0.125000 35.314172 
407.001958 368.734420 431.960399 363.534932 11.013546 0.125000 85.305673 
212.209052 656.876739 212.173445 638.126807 2.526108 0.125000 10.777995 
466.877929 312.250085 446.869387 312.406347 3.847505 0.062500 0.357534 
795.905172 680.406354 804.067228 690.865185 2.403682 0.125000 0.396688 
31.856257 760.732073 38.135244 760.682893 8.779103 0.125000 0.988132 
471.968516 322.812929 456.829639 318.276373 3.830045 0.125000 1.265610 
8.259039 529.332686 7.876828 539.412986 2.782376 0.125000 2.126078 
288.339609 336.749115 295.169254 348.392330 4.499488 0.125000 6.050462 
650.092337 865.626467 650.048868 886.878935 5.030669 0.125000 12.446364 
85.628520 758.375517 101.892872 758.147000 3.925239 0.125000 15.245627 
444.369111 314.413232 468.132955 318.073348 2.757686 0.125000 1.098946 
220.596575 708.373567 364.372662 704.292624 3.066445 0.125000 136.951764 
181.329461 689.308005 182.951763 766.904755 5.025035 0.125000 73.489230 
364.360396 369.440806 409.388440 369.613136 7.633895 0.125000 172.107813 
556.833622 97.594064 601.925450 96.546412 8.747639 0.125000 84.421414 
476.186394 362.167503 437.148138 376.375482 9.185262 0.125000 110.934314 
601.961133 463.251270 615.147013 454.256766 5.211076 0.125000 0.855175 
243.518944 779.745670 247.844462 760.561745 6.216555 0.125000 13.215961 
310.667026 711.769215 369.337878 709.614305 4.308430 0.125000 59.118124 
305.555652 91.527151 499.454404 95.479520 10.505909 0.125000 591.102820 
179.480744 661.868719 181.043362 688.174401 6.609613 0.125000 61.711768 
249.365703 800.258862 345.648844 797.814048 2.213627 0.125000 73.461574 
44.178379 760.662821 66.692870 761.541537 16.822626 0.125000 90.060545 
196.028291 637.903072 187.828676 641.119610 7.393569 0.125000 0.667654 
687.954040 870.511946 689.133503 881.769337 4.243791 0.125000 0.822234 
794.781494 675.627321 794.850287 700.630571 5.020616 0.125000 15.422260 
227.247636 779.840448 234.735513 783.670115 5.640903 0.125000 7.250329 
424.351465 69.714405 503.121213 70.880782 5.443626 0.125000 128.070592 
206.876251 66.588915 256.875295 66.807540 3.924866 0.125000 92.056094 
214.380560 708.217444 212.429000 655.558144 4.347684 0.125000 42.147482 
805.404769 825.633823 803.600897 780.605935 6.497084 0.125000 77.643651 
416.872530 799.307114 553.124046 794.348796 4.131105 0.125000 185.202485 
184.599557 649.376521 184.751992 626.877554 2.610037 0.125000 3.639016 
221.866056 1051.496414 301.880459 1049.606059 6.395873 0.125000 114.656229 
374.602188 299.343488 346.674675 304.550585 6.894074 0.125000 34.313215 
40.570024 480.921014 53.102068 483.248474 4.687690 0.125000 0.049646 
212.362542 638.110922 211.820539 619.340478 2.751513 0.125000 2.841180 
224.754969 758.888435 221.658970 770.567734 9.418757 0.125000 2.720229 
233.833937 784.150938 249.478997 778.408328 5.985953 0.125000 7.996514 
416.791465 1044.292539 565.505532 1034.969366 5.697937 0.125000 235.900796 
258.659226 757.220551 246.508652 732.051860 8.035012 0.125000 7.824243 
803.923788 780.648844 803.661291 761.920042 6.442083 0.125000 28.041637 
553.717199 614.393308 546.689380 361.880166 3.425899 0.125000 290.715341 
800.829357 796.891264 798.128823 830.824265 4.729849 0.125000 34.054657 
151.389343 488.052984 154.190584 469.162295 5.129271 0.125000 19.714712 
148.112317 927.501550 115.600343 928.162974 6.197858 0.125000 42.664175 
448.298134 1059.148028 436.911543 1057.813263 3.724498 0.125000 3.817167 
550.640836 694.892230 415.576089 699.027498 3.429275 0.125000 127.562018 
214.381308 714.587093 306.873846 711.836202 4.366057 0.125000 82.462378 
539.380576 365.376919 478.125517 365.717825 1.319546 0.125000 29.742885 
802.461852 469.440271 800.963637 454.218636 3.834836 0.125000 9.814392 
396.989913 1055.672953 388.307965 1056.441602 4.286571 0.125000 1.260595 
258.064467 804.917770 340.640120 802.363886 4.366468 0.125000 97.148016 
429.279293 361.353019 450.960855 348.700528 4.410149 0.125000 21.053981 
535.561445 72.529441 511.815081 75.063512 4.657305 0.125000 17.761919 
189.968486 954.421407 185.433864 768.129653 4.478919 0.125000 210.321397 
183.621839 569.384905 183.921259 554.365954 2.624079 0.125000 3.861710 
219.350378 801.018023 241.867705 800.371081 1.321282 0.125000 1.747095 
78.007259 15.839476 68.213830 10.463188 2.638771 0.125000 0.500966 
437.913226 306.534498 406.889944 299.310821 5.036791 0.125000 27.545787 
668.000295 883.092184 668.406569 850.597264 6.296393 0.125000 40.103650 
232.490683 752.656867 223.608282 759.651331 5.980337 0.125000 2.598273 
479.369162 363.485171 544.374565 363.058651 1.660045 0.125000 24.665672 
781.693865 877.167056 780.319477 870.432258 6.973483 0.125000 1.028093 
346.687781 305.029745 330.728888 306.648931 5.965723 0.125000 8.570640 
540.567938 71.574339 566.873169 73.155458 4.118234 0.125000 18.080258 
298.132426 369.067523 226.867153 369.629040 2.046879 0.125000 45.998505 
330.614668 67.954336 423.142086 68.840055 5.765536 0.125000 166.218529 
539.378455 311.311216 468.123968 311.669971 1.589831 0.125000 53.223224 
795.646476 734.215825 799.527477 795.694284 6.631349 0.125000 106.639132 
103.124204 555.540339 148.120229 555.117397 5.234757 0.125000 68.862438 
743.861333 879.475436 742.997762 864.311062 5.560464 0.125000 8.757237 
133.109685 464.139473 153.142860 464.441899 3.843914 0.125000 25.847794 
795.140153 705.547707 796.007400 728.158278 4.370069 0.125000 29.538187 
700.350347 873.076293 688.844420 870.445682 3.907744 0.125000 0.822234 
180.693146 554.369830 180.756900 570.624483 2.553910 0.125000 2.963013 
345.637872 799.893313 239.360288 802.532574 1.847547 0.125000 58.747754 
188.117535 66.734741 208.193724 65.666164 5.125810 0.125000 15.719536 
405.944431 300.972651 381.820289 298.707743 6.415575 0.125000 18.247798 
36.844093 439.384038 36.314741 364.361313 4.058594 0.125000 116.878421 
356.662754 1047.823334 374.344863 1045.404677 6.531147 0.125000 12.598790 
118.144427 724.341251 105.512723 717.070050 5.876421 0.125000 13.257079 
465.631844 1066.416069 454.371872 1066.513483 1.928976 0.125000 0.500966 
341.818134 802.497004 361.875444 801.889663 3.786115 0.125000 14.980128 
88.133074 455.411072 63.121526 454.467042 6.198407 0.125000 23.302509 
120.639331 455.382204 88.116833 455.588691 5.039580 0.125000 42.111065 
69.120629 7.566579 80.244961 11.658243 3.640829 0.125000 3.012479 
194.964579 0.608411 194.410868 64.375311 6.314887 0.125000 181.027693 
476.858249 358.730889 548.125065 356.877504 4.608348 0.125000 97.322906 
29.355853 619.730843 49.346687 619.302777 2.900830 0.125000 22.518165 
361.868163 701.617487 226.863766 705.201872 3.029935 0.125000 138.435864 
249.873459 744.772032 243.193668 740.868483 3.879741 0.125000 2.650185 
74.783478 575.621241 76.440111 755.629002 2.396363 0.125000 229.257394 
663.151955 873.919942 655.575895 874.176836 5.748494 0.125000 0.822234 
208.083701 90.052477 235.709640 91.736541 8.018511 0.125000 43.463745 
253.549923 773.374018 258.099756 765.610206 4.506390 0.125000 1.336927 
29.361054 680.760542 48.139398 680.525556 2.718777 0.125000 23.621322 
214.376468 368.202036 298.119880 366.606325 1.964197 0.125000 72.188114 
29.363067 692.092870 49.374844 691.861503 2.716597 0.125000 17.889950 
90.520218 556.247518 103.190042 555.540418 3.744173 0.125000 13.487265 
256.888961 67.175693 299.361393 67.800294 5.183265 0.125000 61.333955 
47.990195 555.697304 63.145097 556.491514 3.744861 0.125000 10.650235 
122.763494 575.616647 124.444159 754.386101 4.043612 0.125000 305.767496 
551.870599 791.754707 435.593316 796.009023 1.980429 0.125000 91.292733 
109.295040 905.255915 124.381709 904.510850 5.055571 0.125000 19.184621 
210.626071 179.468435 358.135344 177.777176 3.979047 0.125000 201.998785 
510.609889 79.890529 536.873963 80.660380 1.945323 0.125000 10.850542 
38.137512 555.928556 48.274852 555.510730 4.944281 0.125000 0.468369 
167.731039 922.726938 159.765366 912.547699 8.559719 0.125000 15.191878 
214.375686 184.603628 311.874808 184.311058 1.362522 0.125000 54.126314 
173.007920 33.816971 155.833559 -0.113274 7.861907 0.125000 49.014489 
64.229255 638.137943 65.110218 733.141365 3.819383 0.125000 112.251165 
29.360647 669.673395 48.144081 669.390090 2.763633 0.125000 18.905805 
8.760567 466.910562 9.190486 489.450047 7.474798 0.125000 41.010506 
154.118214 906.818023 149.654106 926.936930 7.184692 0.125000 32.040595 
57.013484 -0.536717 63.302363 13.746536 5.993295 0.125000 14.260416 
345.658691 739.205115 434.400330 736.437043 3.589991 0.125000 125.380222 
236.775602 90.021638 304.438836 91.551345 9.375894 0.125000 157.147367 
739.402167 871.195360 729.268462 870.790293 9.092496 0.125000 9.795826 
570.624942 90.631227 540.627530 90.352586 3.889165 0.125000 19.881786 
86.863092 680.950937 109.359357 680.661048 5.208967 0.125000 39.807737 
339.110412 1049.579148 354.396967 1045.711831 6.686744 0.125000 13.122722 
381.900394 300.287122 375.498661 299.805979 5.701106 0.125000 0.396688 
183.814562 853.121050 183.957759 878.120230 3.771418 0.125000 8.120697 
109.366571 600.642601 88.117511 600.501303 3.758229 0.125000 22.731109 
126.283404 901.907762 126.563028 885.619644 3.835272 0.125000 1.098946 
471.873624 367.884837 543.128447 367.476630 4.000571 0.125000 63.216139 
152.781936 457.180282 137.689110 453.851107 5.564779 0.125000 8.484203 
400.625020 183.148050 538.124918 183.029663 1.299507 0.125000 84.831374 
803.233717 492.089157 801.871208 476.875340 4.757068 0.125000 8.852439 
29.360420 658.538456 48.148285 658.211007 2.804577 0.125000 14.696504 
182.357919 769.379342 182.178128 789.377725 2.668460 0.125000 6.389833 
344.775768 756.902380 344.249796 740.588735 2.941788 0.125000 9.795244 
435.603475 756.237620 344.373093 759.318535 2.313426 0.125000 83.286509 
58.336322 929.422976 43.019176 928.102904 3.493274 0.125000 7.288215 
7.295935 858.213293 7.987045 874.487028 6.615630 0.125000 12.294835 
35.121934 261.885327 33.581420 186.839971 4.357589 0.125000 158.439793 
220.388661 983.147999 218.689913 965.691669 3.853440 0.125000 1.405289 
630.165281 906.416210 620.676206 890.070948 7.741382 0.125000 18.012143 
465.567039 1071.426276 478.181872 1072.338777 5.344448 0.125000 0.581770 
582.237718 514.368599 582.500667 580.622517 3.968253 0.125000 63.422522 
138.576184 638.115773 137.068002 564.371053 2.601713 0.125000 74.938504 
70.472802 906.531984 86.694158 904.982181 6.340553 0.125000 5.709687 
615.045389 729.362913 615.336538 775.618948 3.930883 0.125000 39.119182 
88.122132 646.378549 106.878727 646.270185 3.742716 0.125000 0.984284 
506.613485 1073.948865 489.232244 1071.757086 4.357000 0.125000 1.629424 
27.457246 43.147284 26.954439 28.080634 8.995284 0.125000 19.898089 
24.950737 755.619881 23.361614 576.872896 3.927652 0.125000 233.075878 
106.878078 639.300969 89.372361 639.260275 2.540674 0.125000 10.777995 
134.398898 31.959632 101.683674 41.197430 4.755525 0.125000 49.768478 
29.373574 647.280904 48.125632 647.249234 2.529552 0.125000 13.487265 
106.889848 611.837496 86.892846 612.082371 3.780331 0.125000 23.191568 
586.317339 135.501055 587.126964 148.188687 3.662785 0.125000 8.112224 
164.407729 64.318494 188.154970 78.073257 3.073604 0.125000 12.458362 
83.941535 731.879358 82.533878 591.868376 4.214780 0.125000 213.704414 
533.127142 82.835645 509.378443 82.659873 2.629451 0.125000 12.439235 
85.624531 464.083263 98.126364 464.089384 6.251223 0.125000 5.733651 
106.882203 672.946498 88.133050 673.072533 2.625982 0.125000 11.681085 
161.856765 90.883137 206.895522 91.427695 4.278663 0.125000 80.369270 
106.877508 661.849695 89.372660 661.815276 2.534405 0.125000 11.681085 
106.876919 650.537223 88.123371 650.510321 2.525101 0.125000 10.245719 
88.109012 630.385598 108.120124 630.170783 2.687704 0.125000 12.024867 
505.652482 89.314547 223.145657 83.390004 3.277425 0.125000 221.509446 
88.137774 607.578753 108.156059 608.046898 2.762336 0.125000 12.915047 
398.121835 177.281554 543.129174 176.737378 3.006600 0.125000 264.477606 
48.132193 601.636056 29.374249 601.769510 2.624438 0.125000 13.487265 
100.671856 927.832579 80.597591 928.814848 3.806610 0.125000 20.043040 
234.821848 764.673201 243.268480 765.766647 6.679713 0.125000 0.988132 
64.371292 556.143340 89.383320 556.016573 3.844980 0.125000 21.085948 
63.849856 576.868016 64.416117 635.636648 4.038875 0.125000 93.909657 
135.383191 37.391031 142.096393 56.798418 5.951179 0.125000 13.948864 
28.123936 597.270944 48.125462 597.246030 2.523354 0.125000 12.024867 
374.533629 1059.429874 362.065923 1060.945526 4.024288 0.062500 3.537261 
82.942802 590.695868 82.196284 575.609102 3.745418 0.125000 16.479294 
435.291933 738.071166 436.251294 754.411618 2.935276 0.125000 2.631767 
7.541464 540.603412 8.110348 558.165964 2.903375 0.125000 6.449760 
550.816947 359.370158 553.150592 451.874354 3.496613 0.125000 108.466562 
48.130571 590.594458 29.369542 590.680160 2.579914 0.125000 18.772427 
608.818351 451.367137 602.943079 456.856186 5.408504 0.125000 0.822234 
26.868144 698.689158 63.127016 698.326681 2.537362 0.125000 36.149503 
48.125090 640.367131 29.374656 640.360578 2.506115 0.125000 13.487265 
100.749639 718.474549 90.191616 723.567800 5.668842 0.125000 9.159564 
114.705168 926.610696 100.721916 927.382006 8.805564 0.125000 13.948864 
108.143344 622.984307 89.357140 623.294967 2.789009 0.125000 21.422640 
33.381467 130.621059 32.209658 54.369857 4.999410 0.125000 117.424664 
36.000089 343.139633 35.037608 285.593011 4.146645 0.125000 116.130093 
485.599971 1077.721178 504.355395 1076.558696 3.113836 0.125000 8.970632 
39.371029 464.644055 84.380411 464.461867 5.121392 0.125000 39.178175 
218.131036 312.402178 313.132894 311.314509 3.158106 0.125000 94.143015 
396.956707 770.243408 376.899049 772.130602 3.117999 0.125000 7.048486 
566.840839 1035.645337 566.543660 1016.880247 2.697622 0.125000 3.438464 
600.438696 104.022651 597.592874 125.719160 6.583175 0.125000 31.036813 
718.310809 582.098735 726.435671 575.351138 3.846484 0.125000 1.336927 
89.372646 657.619231 108.122240 657.531956 3.819780 0.125000 14.055335 
150.674580 187.971541 134.497740 182.745096 2.943384 0.125000 3.946827 
309.371455 68.335322 329.380440 68.383894 6.298531 0.125000 19.334339 
29.372191 608.506359 48.126037 608.445717 2.556574 0.125000 12.584175 
29.348245 630.816268 48.149415 630.341151 2.909718 0.125000 14.055335 
111.598995 894.799148 107.340671 904.577787 7.874435 0.125000 2.619882 
88.120067 619.083188 106.885835 618.765944 3.833980 0.125000 20.284287 
218.603612 1033.115425 218.953559 1050.608425 1.574766 0.125000 2.963013 
99.339985 464.010296 125.664897 464.441973 4.609927 0.125000 37.100476 
138.002009 21.584180 135.867461 31.661588 4.373430 0.125000 6.474864 
126.864309 959.061215 161.874018 959.460997 6.192500 0.125000 39.035899 
316.595631 1053.683606 326.921439 1052.197711 4.311277 0.125000 1.632457 
326.809634 1045.990958 339.355903 1048.231916 3.452309 0.125000 1.465619 
89.374153 668.743831 108.124120 668.718681 3.765087 0.125000 14.907458 
535.624164 185.022683 401.874422 185.208336 1.432182 0.125000 116.439524 
48.126100 651.495720 29.372633 651.441353 2.550722 0.125000 9.356803 
34.370000 637.094222 54.375593 636.997180 1.334872 0.031250 7.453301 
176.404648 941.992502 171.628369 922.873428 12.733224 0.125000 33.530048 
213.123339 362.975366 300.640305 362.004058 3.290566 0.125000 59.095487 
456.791114 1032.909800 441.788374 1031.693601 2.910739 0.125000 0.644213 
107.948998 43.673839 134.414087 37.030715 3.337758 0.125000 16.300188 
146.953553 226.879562 149.136850 189.288568 3.816169 0.125000 24.447226 
155.546358 118.175992 155.253426 110.543314 5.188074 0.125000 9.874905 
224.360710 805.222001 256.879892 804.940875 2.770050 0.125000 30.776606 
48.165111 623.829335 30.595546 624.189937 3.851810 0.125000 18.535851 
297.112796 323.259029 290.492522 335.004866 5.306149 0.125000 12.475561 
359.843325 178.132489 360.058869 200.630424 1.453522 0.125000 13.487265 
586.257320 580.629934 586.007638 549.371944 1.489587 0.125000 13.307701 
48.163686 673.736459 29.369847 674.127041 3.827108 0.125000 20.284287 
48.134995 684.796641 28.135710 684.916222 3.862042 0.125000 24.076614 
611.086717 219.298985 612.197206 244.305181 4.274148 0.125000 18.080258 
11.906381 481.887628 38.171224 481.234849 4.338936 0.125000 21.253644 
365.567778 699.376133 359.232783 379.377815 3.885026 0.125000 306.465087 
406.876313 301.869794 432.159869 308.245284 2.108017 0.125000 4.248132 
661.936867 937.978452 689.420556 936.437522 4.163964 0.125000 18.542395 
162.604562 134.371264 163.091027 229.375174 2.583174 0.125000 50.866897 
745.542884 933.942597 795.667516 931.496084 4.293985 0.125000 66.180889 
182.861914 478.184932 181.671587 448.133057 3.648117 0.125000 44.511363 
344.231013 1066.126099 333.998346 1063.185821 8.243949 0.125000 2.590171 
168.444604 147.742257 165.089798 123.027971 7.768117 0.125000 27.287807 
212.658940 368.113304 215.139352 534.363596 2.611136 0.125000 171.003503 
655.084083 769.212984 659.403727 788.118436 5.047951 0.125000 21.206271 
623.026985 939.337014 661.863884 937.837165 5.666488 0.125000 40.365668 
155.944163 711.844068 156.650905 690.576016 5.287845 0.125000 17.522500 
433.090797 795.987998 416.864923 796.613664 1.778875 0.125000 5.359455 
611.627331 898.878839 605.104107 918.369027 5.931683 0.125000 23.848613 
193.145288 1025.734482 191.790845 1010.521204 4.067774 0.125000 3.569766 
582.033723 48.087214 580.818783 83.174992 7.625277 0.125000 68.888294 
156.881113 133.002894 155.533590 119.140862 3.732406 0.125000 4.081515 
48.137671 612.682571 29.372678 612.977008 2.774247 0.125000 12.584175 
48.182201 662.415994 29.411425 663.015496 3.827893 0.125000 21.159438 
436.899538 1035.136011 449.430709 1035.764837 2.308916 0.125000 0.844005 
209.309853 316.879128 208.882122 180.622623 2.915924 0.125000 172.213271 
84.100514 755.647580 83.766505 733.096984 6.323364 0.125000 23.958005 
158.424359 26.449664 169.477645 34.229160 3.369368 0.125000 8.468365 
184.367062 140.241591 440.652808 142.589201 6.217321 0.125000 480.795219 
60.298578 33.973845 55.454096 22.820422 8.025634 0.125000 5.749684 
774.079495 104.394227 767.320488 0.514682 6.642615 0.125000 232.257005 
155.941778 689.378026 155.858617 629.374676 3.826223 0.125000 59.955180 
161.002113 951.705319 150.899150 929.251647 3.191547 0.125000 20.043040 
153.116213 85.056512 175.628587 85.346778 3.943076 0.125000 4.446561 
495.620075 318.559038 548.125707 318.242118 2.507499 0.125000 43.901567 
605.680335 386.874824 605.819265 430.628352 2.611122 0.125000 29.420810 
544.989620 311.899027 540.071744 181.848653 3.490154 0.125000 184.708856 
268.184802 1072.547633 256.912767 1073.549793 4.399448 0.125000 0.231570 
161.112889 534.367603 161.057697 549.381186 3.791331 0.125000 3.859202 
441.841789 143.433818 569.390420 146.151238 5.744370 0.125000 179.407901 
33.655701 185.656382 32.758911 129.380834 4.541272 0.125000 93.088522 
354.375672 185.710476 315.628068 186.015156 1.515336 0.125000 12.584175 
558.587759 70.615218 557.107556 0.593660 5.342319 0.125000 113.355632 
612.181760 599.356761 611.456459 636.866907 2.765355 0.125000 20.457713 
181.078394 595.619351 181.374275 619.365664 1.514659 0.125000 14.696504 
296.881204 1066.611340 285.578639 1066.345405 3.719214 0.125000 3.817167 
398.168711 183.089963 401.250743 296.891906 2.670848 0.125000 116.747211 
29.374128 586.130279 48.126230 586.162646 2.530202 0.125000 12.584175 
103.171309 39.553104 106.298011 16.795726 4.443037 0.125000 29.378040 
121.859323 633.460284 85.619968 634.081388 2.606736 0.125000 36.967605 
170.254560 246.868612 170.648764 146.870166 3.976640 0.125000 109.150739 
804.345936 179.316767 806.855593 231.935544 5.885596 0.125000 98.810978 
376.753626 1021.870869 377.392498 1003.100069 3.662791 0.125000 13.308871 
779.683754 226.966712 774.554691 104.419797 5.867410 0.125000 214.430623 
781.506225 870.672485 780.881271 849.367483 4.078250 0.125000 24.281191 
605.099237 533.197443 602.242074 463.161019 6.549236 0.125000 113.878470 
163.222527 234.375525 162.583151 353.128813 2.950873 0.125000 80.200439 
577.245231 74.367194 577.064557 36.868064 2.674624 0.125000 16.471745 
585.464462 733.118084 585.980339 814.380680 4.706298 0.125000 97.740695 
619.750571 748.161516 617.972360 705.579175 4.627792 0.125000 45.987022 
150.039448 23.675146 157.411958 43.842618 7.182497 0.125000 34.835428 
383.103692 788.864909 506.950876 783.691345 4.115145 0.125000 121.827440 
582.777601 33.112726 582.249832 48.049912 5.261711 0.125000 2.032934 
616.516779 638.134892 614.478956 564.337612 4.293260 0.125000 64.528277 
70.619911 960.025450 103.138787 959.749449 6.334646 0.125000 31.044424 
99.361939 748.759552 110.659906 748.519787 2.113130 0.125000 0.500966 
153.815383 112.913958 152.498156 93.001092 9.308465 0.125000 51.232570 
212.383045 184.374178 212.554978 290.623900 2.518201 0.125000 135.037771 
799.044814 71.762711 804.555306 178.245045 8.802908 0.125000 275.225776 
195.097401 1078.154021 192.412634 1029.345427 4.237262 0.125000 47.872216 
212.456144 290.635867 212.862228 315.629269 2.499670 0.125000 13.222720 
373.190783 795.146573 393.152257 793.444694 3.842632 0.125000 10.458818 
504.361996 932.312961 510.309907 915.513440 4.369358 0.125000 5.441443 
544.570722 175.652296 545.929088 228.117127 4.169331 0.125000 46.256718 
601.508086 974.322727 602.000158 994.402565 4.116351 0.125000 23.788314 
758.572845 577.757112 768.037214 572.952089 3.926770 0.125000 1.336927 
24.970379 73.102979 25.643812 53.083584 2.750737 0.125000 8.128541 
42.626337 904.445740 41.945706 875.593844 7.851673 0.125000 33.442462 
347.805412 339.376749 347.826560 328.124439 2.509392 0.125000 2.650185 
146.747650 554.781866 159.365263 555.751682 4.217947 0.125000 3.639016 
156.295311 778.125433 156.334086 718.123843 3.781504 0.125000 53.817716 
501.812990 919.615882 498.062572 938.112342 5.380151 0.125000 5.008631 
621.950185 850.623759 620.257168 748.089794 4.731039 0.125000 155.399970 
652.094670 638.109148 654.985650 678.171137 4.807093 0.125000 44.050890 
397.967619 296.908432 395.175191 179.355992 3.654137 0.125000 103.885754 
590.140077 1036.881845 590.722517 1078.141269 5.105365 0.125000 35.191251 
21.234136 29.381187 20.878704 64.377577 2.766459 0.125000 23.427060 
316.871963 184.221111 353.132509 183.505490 1.866372 0.125000 27.620330 
570.779380 146.843920 569.961452 175.677096 5.423333 0.125000 40.652830 
580.723314 -0.002563 577.572099 12.057153 7.627049 0.125000 1.565081 
136.899162 454.913246 121.851241 455.116566 5.185310 0.125000 24.962028 
157.362407 808.163280 156.166929 784.347797 3.374208 0.125000 21.762545 
574.121850 19.346785 573.628415 45.634449 2.569937 0.125000 24.324345 
173.321436 706.872861 171.797133 566.875848 3.899480 0.125000 186.083009 
83.806708 895.353456 77.112785 891.465594 8.368863 0.125000 1.846506 
142.876264 417.153753 146.465610 404.261025 5.015265 0.125000 1.846506 
607.362770 629.307526 603.674012 534.305148 7.312262 0.125000 153.474103 
806.928415 233.090795 808.503595 293.115065 2.827057 0.125000 34.982430 
12.264025 490.460262 11.376268 501.836079 3.738633 0.125000 4.673093 
38.442507 1078.181317 36.021650 984.364765 4.288958 0.125000 102.187034 
75.845062 928.070188 59.279249 929.561075 4.755784 0.125000 25.847794 
612.803791 653.111095 613.908236 726.881988 3.712156 0.125000 69.311483 
796.867541 931.509923 808.163906 931.279111 3.876894 0.125000 3.012479 
165.885549 224.373354 165.411814 149.376347 2.239391 0.125000 35.581166 
215.430199 645.573695 217.924979 696.884725 3.104092 0.125000 30.857238 
601.577032 995.610611 602.503400 1056.903287 6.532638 0.125000 76.837717 
795.077395 0.443845 799.056464 70.784441 11.819583 0.125000 195.364237 
7.536815 73.139986 6.857830 103.124611 5.253403 0.125000 26.785996 
587.340968 149.320308 594.871998 385.609160 3.419612 0.125000 180.690502 
595.269160 603.111535 598.394108 810.620947 4.860073 0.125000 333.831058 
611.028948 449.362766 607.961743 348.092086 4.542956 0.125000 117.079585 
66.315565 884.407358 67.040319 896.937738 3.001082 0.125000 8.971815 
182.569943 280.627148 182.032962 141.874389 4.059574 0.125000 145.097579 
210.350295 456.877570 209.449721 360.624301 2.605144 0.125000 83.635608 
566.101942 16.896190 566.301866 0.602630 5.122316 0.125000 27.300662 
104.371294 959.382314 125.628560 959.318921 2.563360 0.125000 27.033615 
121.130901 51.158878 138.702075 58.488246 3.652195 0.125000 14.055335 
589.473445 90.719330 585.932249 0.563833 6.932033 0.125000 126.369892 
36.364943 363.137121 36.235643 344.362186 5.094573 0.125000 15.488637 
184.775937 616.934215 183.722779 601.833310 2.754839 0.125000 6.474864 
85.619250 636.685846 121.873744 635.583695 1.895133 0.125000 25.227435 
118.998666 892.037397 111.184287 894.741337 6.723902 0.125000 7.288215 
140.935176 764.368925 138.609305 645.615515 2.277813 0.125000 113.771724 
590.217236 799.377444 590.398589 736.874343 3.800760 0.125000 90.683148 
176.895513 886.911046 175.134740 826.852726 3.744394 0.125000 35.696967 
105.481383 -0.005578 110.546814 8.881994 3.713755 0.125000 4.034658 
181.579992 1041.914707 180.517247 1000.563518 8.107709 0.125000 75.218211 
599.265406 903.021910 600.650908 918.348652 5.204771 0.125000 18.401839 
617.632259 819.367684 617.001116 861.876872 2.982206 0.125000 43.731228 
677.024374 134.916245 649.547324 142.499405 2.492000 0.125000 8.052820 
165.858670 269.374060 165.717945 234.374626 1.370612 0.125000 10.777995 
649.348713 577.259068 659.302085 577.940317 4.168024 0.125000 0.015455 
6.118063 1008.204009 7.149875 1034.413389 5.291162 0.125000 15.522627 
325.032260 339.396427 324.622843 328.070853 2.498368 0.125000 0.500966 
662.799232 846.862779 662.932764 870.619054 6.299083 0.125000 25.977983 
71.518144 864.427250 68.572541 844.309472 4.796988 0.125000 12.858362 
116.746995 478.544424 93.171662 482.177771 3.422817 0.125000 10.075433 
690.621491 936.213089 710.635695 936.332508 5.067036 0.125000 28.512031 
6.727332 518.170204 10.411641 530.205620 5.976250 0.125000 0.531721 
174.461710 804.373409 172.879545 718.129503 3.772297 0.125000 93.447287 
582.242622 584.367376 585.328363 733.157076 4.137965 0.125000 176.701247 
35.657931 961.206557 69.441170 959.293545 4.285309 0.125000 16.970423 
165.266121 976.882720 164.889822 959.390816 1.599213 0.125000 7.165635 
681.355935 599.425033 682.571551 581.665990 6.064682 0.125000 19.093514 
155.582326 626.884014 155.163820 566.869499 3.959106 0.125000 76.058786 
618.199270 704.399794 616.854376 640.625435 3.854585 0.125000 67.551102 
167.324265 1050.653309 166.791507 1035.583760 7.760301 0.125000 12.076332 
330.526316 791.102034 378.156881 788.778536 4.689538 0.125000 44.986532 
445.654614 363.420065 463.104297 361.668720 3.356765 0.125000 0.049646 
731.746898 934.160038 744.477469 933.046828 7.471489 0.125000 5.039222 
39.757012 510.602775 40.844196 529.289523 4.179279 0.125000 9.857737 
590.250603 736.839775 588.491396 693.110260 4.199183 0.125000 26.970114 
454.375209 309.399758 540.629613 308.671148 2.763877 0.125000 44.387830 
245.579194 794.447326 329.348323 791.189130 4.524478 0.125000 73.120905 
561.898959 841.874592 562.857009 898.129564 2.733773 0.125000 31.248986 
161.261029 556.653782 158.704644 578.193793 4.375886 0.125000 16.061925 
608.760441 83.161455 603.861926 0.581287 4.187526 0.125000 123.476744 
88.122886 692.883367 109.371259 692.697458 1.413996 0.031250 7.453301 
145.710220 65.150572 129.750631 62.283817 6.939865 0.125000 24.100455 
155.583877 92.174394 163.123841 91.848217 4.941304 0.125000 2.126078 
182.637558 1078.218645 181.496239 1041.808507 7.535482 0.125000 77.282019 
63.114331 695.126088 28.130328 695.874172 2.152024 0.125000 13.204438 
74.068452 754.377986 72.339156 576.870478 2.341580 0.125000 154.774828 
25.554433 26.548370 32.033125 0.354935 7.267693 0.125000 36.297643 
374.509096 339.458417 375.189185 328.174070 2.570671 0.031250 2.226197 
6.801046 500.643184 10.131679 514.188948 6.347685 0.125000 3.663455 
30.636510 485.180421 14.371968 485.412862 2.517479 0.125000 0.644213 
321.721256 1040.261212 331.749325 1039.305845 4.858913 0.125000 0.231570 
547.370554 271.856692 548.757503 309.397813 3.098239 0.125000 31.941336 
588.751502 945.621045 589.272309 1028.125648 4.104994 0.125000 71.832405 
602.871322 195.715791 601.128095 166.844623 4.421218 0.125000 20.370537 
711.859936 935.323084 730.687801 934.383686 5.429818 0.125000 18.266139 
784.119139 333.207777 780.260264 263.007625 4.963347 0.125000 81.866382 
172.285615 564.335710 170.840667 549.234756 3.732950 0.125000 7.383064 
209.359500 323.351485 261.866388 322.556332 2.518641 0.125000 17.650239 
58.240402 915.219088 50.921452 927.058266 6.882102 0.125000 19.564861 
363.061197 375.611948 364.739233 528.120992 3.213416 0.125000 81.800743 
373.678999 1010.611235 374.084037 1026.913287 2.530276 0.125000 7.580439 
404.676608 643.120561 404.125083 605.647075 2.941214 0.125000 35.407354 
33.891676 946.740881 34.730337 959.351368 7.898209 0.125000 15.180739 
144.103394 431.809016 145.676480 425.333831 4.198860 0.125000 0.844005 
160.045913 649.364851 160.859068 703.121459 2.991272 0.125000 40.603428 
165.912738 655.627767 165.528113 695.624068 1.334083 0.125000 14.390355 
191.574066 996.861008 190.966040 955.619972 4.025998 0.125000 30.924588 
34.386751 284.397825 34.794860 261.837371 7.724856 0.125000 18.066756 
409.477493 1040.285251 390.684266 1042.401349 2.780664 0.125000 16.196535 
568.865739 70.706005 566.440273 18.029905 7.779538 0.125000 83.470687 
588.536419 679.380375 588.699918 666.866180 3.108350 0.125000 2.266033 
158.810733 900.647791 156.284327 838.098369 4.352310 0.125000 43.426890 
403.787490 605.640503 402.862808 570.598934 3.092657 0.125000 28.750440 
513.089269 783.417499 535.651143 782.575566 4.213525 0.125000 20.914620 
50.430064 898.679485 53.586956 914.022764 6.590384 0.125000 7.902698 
160.306529 725.628992 160.933346 775.636803 3.001140 0.125000 22.014755 
611.789594 848.165979 611.290229 831.892945 2.652185 0.125000 4.731565 
32.826637 544.580336 34.383020 527.892586 7.151613 0.125000 10.960713 
144.932121 403.155031 146.553299 305.598882 5.477009 0.125000 123.653921 
218.111818 372.408015 295.631578 370.982766 2.959140 0.125000 54.167813 
297.011491 68.991820 308.494688 69.951514 7.578049 0.125000 23.427060 
402.142981 380.619012 407.980551 641.878228 3.218527 0.125000 220.919017 
433.254224 311.422969 407.005329 303.919104 2.406388 0.125000 12.354827 
18.497243 792.115165 16.762556 776.746601 5.529252 0.125000 10.796957 
359.107336 298.130303 357.200353 201.868555 2.957004 0.125000 123.879445 
598.772734 813.113573 599.589200 859.393274 3.815564 0.125000 64.387637 
556.089885 540.616725 556.668625 573.128674 2.722079 0.125000 30.776606 
587.263109 325.613876 595.218398 603.172481 4.560307 0.125000 330.021259 
780.499867 261.877893 779.892058 235.584153 6.681642 0.125000 24.093173 
179.847390 991.908390 177.648533 940.699132 8.971939 0.125000 110.029366 
345.619811 761.717861 435.604236 758.746239 2.127323 0.125000 84.876387 
705.144129 788.143312 704.617665 774.318159 2.498189 0.125000 0.412662 
6.223331 424.141547 4.183834 440.754984 5.267362 0.125000 7.821869 
155.156389 451.882476 155.563103 409.374408 2.894545 0.125000 33.737421 
151.721462 515.675701 152.998356 488.061344 6.741393 0.125000 27.795774 
562.967132 978.070182 564.725773 1013.107393 2.998161 0.125000 26.271167 
757.523550 596.836412 758.651956 579.248414 4.589578 0.125000 16.733120 
615.427072 329.380200 616.871773 384.375085 3.453274 0.125000 27.693953 
313.128336 185.783954 265.623025 186.780871 1.984052 0.125000 30.295512 
792.037510 858.289223 789.726585 878.165876 3.869266 0.125000 15.817941 
165.650051 313.125004 165.656729 273.125005 1.254382 0.125000 14.390355 
377.236627 329.359833 377.659698 339.446943 2.497804 0.031250 4.292691 
388.759548 340.609912 388.659474 328.110713 2.589989 0.125000 0.500966 
655.619915 75.751772 728.103562 78.659426 3.149330 0.125000 47.787078 
5.674369 0.608716 5.922226 39.413023 12.707330 0.125000 106.139803 
66.156187 859.338103 67.205105 874.438897 3.567751 0.125000 14.696504 
166.016476 1034.400914 165.708708 1009.358609 5.153235 0.125000 24.496459 
601.009667 944.368537 601.492593 973.110423 6.459115 0.125000 34.313215 
649.355005 544.624503 716.877999 543.275054 5.323694 0.125000 104.608191 
9.633828 58.080539 9.076749 70.499478 9.933939 0.125000 9.163623 
170.942311 540.627613 170.837222 503.120903 2.598056 0.125000 35.611048 
505.618570 59.927571 539.377225 59.616329 1.549572 0.125000 16.196535 
797.875270 870.822451 799.427731 853.129627 6.553863 0.125000 0.067280 
803.281741 510.645380 803.024646 496.853569 6.295509 0.125000 7.076237 
333.138059 734.815430 445.613303 731.480494 2.017294 0.125000 85.020891 
486.976902 728.781500 501.964317 731.354800 2.289605 0.125000 1.260535 
158.407784 243.123923 158.512557 270.623523 2.538081 0.125000 10.120227 
61.880485 713.946996 26.865362 714.180659 2.658429 0.125000 31.169076 
161.726714 470.505869 162.351677 489.400579 5.998649 0.125000 7.754171 
211.928616 618.124329 211.521760 585.613777 2.828286 0.125000 19.257631 
105.693299 689.968520 87.015417 688.025319 5.878600 0.125000 6.032880 
152.115166 551.879371 152.217862 516.868673 3.837982 0.125000 51.360390 
260.625000 186.875000 216.875000 186.875000 1.250000 0.125000 12.606557 
129.567600 190.405963 145.550481 204.459748 3.301663 0.125000 18.396309 
171.027834 465.668070 170.127603 421.833872 4.203298 0.125000 52.459050 
166.482123 954.178822 172.233285 942.679341 4.473021 0.125000 18.002715 
221.076140 1010.656546 220.088502 985.646186 3.040606 0.125000 3.812699 
616.871740 544.780664 648.127501 544.732019 6.285010 0.125000 35.349310 
76.993448 45.325161 48.189236 44.106593 4.731361 0.125000 20.370537 
315.683639 369.501463 298.166117 368.587192 4.005507 0.125000 3.643845 
368.963841 646.866387 368.808229 676.878543 5.071225 0.125000 20.935017 
614.180795 480.631499 614.850749 500.650910 2.166258 0.125000 0.412662 
698.248228 765.728679 692.481080 772.583231 2.869470 0.125000 0.844005 
561.471690 781.854768 560.717982 796.879664 1.686813 0.125000 2.650185 
587.618933 653.129040 587.429340 629.380554 1.439560 0.125000 14.696504 
610.712999 766.875048 610.711959 741.874944 2.501041 0.125000 22.518165 
627.263733 909.507662 621.010887 927.830107 3.201617 0.125000 10.659731 
779.431069 234.425188 779.676411 228.040515 3.987224 0.125000 0.844005 
536.837304 782.498896 559.406013 781.140105 3.592977 0.125000 24.665672 
79.254228 0.017938 92.522477 24.698910 5.504945 0.125000 32.833497 
409.390997 876.874777 408.919829 843.131356 1.581473 0.125000 9.874905 
265.616357 322.234952 294.375783 321.955673 1.468425 0.125000 3.149940 
716.910321 543.274011 801.887714 541.128565 4.588270 0.125000 115.441038 
146.866763 304.359841 147.032214 290.626894 2.635345 0.125000 8.068725 
546.195385 228.145632 547.258083 263.151318 4.468940 0.125000 19.781084 
603.466686 346.858642 605.203873 383.145161 2.975334 0.125000 21.501564 
189.062979 1043.142663 191.045952 1078.171932 3.414430 0.125000 32.166391 
596.392676 0.499793 601.125406 76.766378 7.476720 0.125000 133.672991 
1.055593 436.883825 1.389033 420.615040 1.557109 0.125000 4.920122 
157.385044 835.702137 156.411796 810.594501 3.747186 0.125000 10.834583 
178.782034 923.308120 176.341045 915.403871 4.320709 0.125000 5.359455 
182.836156 393.159142 181.670091 340.601813 4.610601 0.125000 75.576606 
569.043192 1010.725462 565.148682 949.405251 3.959967 0.125000 49.869745 
602.293507 923.143647 602.069856 943.155118 8.875177 0.125000 36.003268 
30.772261 556.899878 30.489131 544.349865 3.805432 0.125000 9.973665 
32.805423 931.605781 34.723530 947.140644 7.290301 0.125000 24.912694 
160.135082 614.357841 160.586986 634.375858 2.725054 0.125000 1.500456 
83.013587 915.995917 75.445477 913.722670 4.110801 0.125000 0.500966 
216.171184 844.391008 215.203728 801.856151 2.726745 0.125000 6.052687 
167.891993 403.246882 170.733417 379.537800 4.815733 0.125000 14.707657 
360.335447 200.609503 361.586233 278.129659 2.882831 0.125000 102.611356 
603.395447 858.129212 603.765514 834.365509 1.619657 0.125000 10.245719 
4.452556 554.394757 3.019939 469.376770 3.391440 0.125000 66.754800 
74.287526 983.110596 77.559991 963.237798 4.309477 0.125000 5.594922 
86.869554 697.812231 121.880704 697.202582 1.728595 0.125000 22.035175 
162.009766 996.896414 165.170960 977.001474 5.722681 0.125000 8.495930 
622.443420 888.138996 623.120146 860.655659 5.244642 0.125000 0.460655 
733.598074 743.103300 733.991766 774.364084 3.907113 0.125000 14.886299 
771.627455 949.255776 772.524440 956.797761 2.777754 0.062500 2.650185 
215.202562 558.133736 216.520946 621.882322 2.525311 0.125000 49.768478 
400.056699 404.407723 398.474362 376.926858 3.190655 0.125000 1.550388 
40.809094 61.654746 42.256196 95.715021 10.044047 0.125000 53.126744 
366.985786 613.119982 368.462402 645.722946 3.689604 0.125000 23.263289 
556.891335 1027.251366 533.131838 1028.282545 2.551849 0.125000 1.265610 
582.619204 173.101799 587.336083 324.399595 3.358667 0.125000 122.854471 
27.496622 723.118896 27.779018 751.878397 1.507682 0.125000 11.728188 
408.281409 646.872214 408.816053 676.884957 2.521867 0.125000 20.994950 
592.094640 179.369643 591.027453 135.615184 5.150908 0.125000 42.782257 
617.274871 1014.383095 616.464928 1054.392004 3.698632 0.125000 31.468306 
170.215721 283.157568 169.552579 249.371515 3.234151 0.125000 20.384854 
163.464265 869.370389 163.871941 899.364848 1.623622 0.125000 8.485504 
304.296727 601.215656 321.983078 603.559440 4.374354 0.125000 2.352934 
586.343800 825.641614 588.024458 879.378145 4.020662 0.125000 36.803930 
449.831899 321.066063 432.694750 311.386755 3.073696 0.125000 5.875687 
608.115818 718.148326 608.607752 665.617815 6.624298 0.125000 79.310750 
805.240418 539.490293 803.110138 509.287881 4.252770 0.125000 34.754116 
7.017423 170.560578 4.391965 215.698693 4.932950 0.125000 52.808177 
544.485868 398.121867 546.287979 461.891589 2.322450 0.125000 61.911104 
555.687135 684.373204 553.771709 618.106307 2.332953 0.125000 48.878893 
593.905217 975.672630 592.136283 958.225243 2.991597 0.125000 12.024867 
631.606186 986.908731 633.478611 1001.830628 3.414337 0.125000 3.438464 
149.914907 93.087077 148.336137 70.610170 3.740784 0.125000 4.127858 
167.525260 1075.654918 168.448797 1055.582385 5.511782 0.125000 16.227061 
211.143085 330.620105 211.320338 349.380241 1.415284 0.125000 8.468365 
347.293945 748.060730 348.662885 756.984244 2.850177 0.125000 0.844005 
620.685543 1078.182015 621.233054 1065.597072 2.769288 0.125000 4.034658 
688.094118 809.403761 687.616579 788.136416 2.695794 0.125000 8.970632 
211.118939 526.875101 211.113239 484.375102 2.504862 0.125000 10.951670 
609.683788 740.771771 608.238868 719.199919 6.904346 0.125000 27.515348 
753.129257 470.176107 731.869315 469.974496 1.439598 0.125000 4.731565 
794.050986 160.520481 809.603216 484.303997 5.544837 0.125000 459.381889 
152.143292 671.869983 152.681133 700.633300 2.779997 0.125000 17.470640 
498.154610 136.454754 300.605896 132.952608 6.346682 0.125000 346.179665 
600.436408 871.863729 599.087579 894.432529 4.041615 0.125000 9.795826 
786.828138 404.376715 785.682369 373.077142 3.198759 0.125000 29.434380 
588.712370 885.597010 588.022734 901.923481 3.852166 0.125000 9.159564 
604.934523 899.461460 603.200759 885.615514 2.480628 0.125000 2.126078 
609.753024 556.866753 610.162491 575.635091 1.604142 0.125000 6.474864 
644.890820 599.377860 644.822622 581.868388 3.779183 0.125000 10.120227 
563.408563 915.625389 563.363938 948.125328 3.755146 0.125000 18.024292 
182.142881 339.391691 182.788967 280.635050 2.884684 0.125000 67.558460 
235.622862 1044.296703 294.363192 1042.692612 2.089598 0.125000 16.783625 
39.144156 291.680843 41.343643 303.226228 3.625470 0.125000 3.012479 
404.962241 681.880010 404.754217 654.362684 2.707816 0.125000 26.130525 
612.864704 274.298367 614.411523 294.275385 3.835308 0.125000 9.857737 
720.547109 624.375737 720.180784 585.641023 3.773474 0.125000 22.443407 
784.729520 369.394487 783.993623 335.578894 4.862836 0.125000 43.595493 
151.205880 570.616018 151.786215 608.145702 2.789605 0.125000 36.110713 
371.178913 801.872743 371.316422 835.622183 2.556002 0.125000 27.300662 
557.992729 624.358612 558.707880 673.134781 2.902890 0.125000 71.152935 
602.221343 431.881904 601.963368 398.114775 3.931331 0.125000 19.334339 
5.053160 285.403882 3.051634 313.209697 6.144125 0.125000 30.646924 
7.322044 158.055722 6.340108 169.436699 3.135442 0.125000 8.068725 
130.047442 61.909802 119.214398 55.915230 6.912450 0.125000 20.865048 
162.442436 413.096817 163.436406 433.109533 2.558929 0.125000 4.081515 
186.626249 0.589051 185.366278 53.118794 2.939632 0.125000 43.973891 
410.388873 486.880624 408.691326 415.611511 3.183400 0.125000 67.106267 
570.223374 176.831900 571.508669 239.408199 4.793593 0.125000 55.353477 
604.785483 274.416784 605.039336 264.328808 5.124197 0.125000 8.941625 
3.157134 1006.876740 4.172901 988.114059 2.631491 0.125000 3.946827 
369.159373 896.877607 368.660454 855.618525 1.748681 0.125000 25.211297 
31.750417 866.979520 29.903587 820.603950 6.195310 0.125000 65.731348 
593.942484 1031.827348 592.558513 1008.085157 3.077692 0.125000 0.196253 
182.595618 446.875824 182.513894 394.372060 5.001940 0.125000 80.259130 
553.187871 451.912423 554.684995 499.404632 2.577529 0.125000 26.698357 
743.641163 859.619650 742.218400 848.082651 4.656421 0.125000 9.795244 
47.572015 416.801287 51.301661 452.067829 6.346801 0.125000 35.696967 
742.509954 780.739294 739.956627 766.999204 5.144219 0.125000 8.852439 
60.244004 1042.541781 66.616815 1065.696061 6.114353 0.125000 23.480033 
162.199707 490.603469 161.238330 531.918359 4.127012 0.125000 34.742304 
621.412936 1035.642245 620.803838 1019.321675 2.824591 0.125000 5.602646 
653.714088 756.828420 654.613639 768.204969 3.083406 0.125000 3.861710 
783.921347 0.575375 793.819237 159.409633 5.464136 0.125000 231.379474 
356.556295 408.122199 356.281568 439.380770 1.469665 0.125000 8.975381 
581.852928 149.352834 582.236800 170.618469 2.860559 0.125000 24.324345 
617.459566 399.353122 618.255510 420.620115 1.669876 0.125000 2.126078 
6.271490 489.388820 6.031115 500.633681 1.463430 0.062500 1.446065 
153.511092 865.653797 152.806869 905.663404 5.109217 0.125000 33.847786 
609.030199 650.545648 607.379998 631.721153 4.390630 0.125000 4.859530 
660.942775 804.290772 659.242159 823.112998 4.634636 0.125000 11.880754 
770.187232 716.864620 770.698930 756.906003 4.999592 0.125000 38.848179 
153.055692 713.116291 151.161391 728.192397 3.409072 0.125000 4.081515 
405.566243 693.129449 404.799102 682.998236 1.867864 0.062500 2.650185 
116.448577 53.631597 106.168926 44.978807 3.228864 0.125000 0.015455 
83.084167 443.118922 85.713947 425.452172 3.157010 0.125000 1.759324 
152.069516 375.611955 152.216252 391.860630 2.635352 0.125000 2.110771 
208.613089 350.645938 208.062936 330.626706 2.739427 0.125000 0.049646 
324.510645 372.043854 316.509275 371.039967 5.401324 0.062500 4.525926 
771.362828 783.094433 773.590088 836.855732 4.633524 0.125000 49.381777 
8.219361 102.764359 9.848359 114.482961 6.534689 0.125000 1.956929 
10.926726 1035.648644 13.780539 999.230464 5.008035 0.125000 31.027184 
38.235569 95.711333 36.892581 116.876116 3.049089 0.125000 6.246933 
537.564038 205.596258 541.424485 298.143792 2.289443 0.125000 63.804085 
617.256935 1056.870992 617.480017 1078.131768 1.433542 0.125000 4.034658 
588.091738 616.998427 586.032219 595.585833 2.441017 0.125000 4.903351 
44.257127 248.098844 44.460508 256.901904 2.672562 0.125000 2.266033 
47.953428 931.798942 49.632525 955.606838 4.180409 0.125000 10.363873 
788.231937 439.368654 787.192702 421.856147 4.039606 0.125000 13.308871 
24.735602 516.866023 25.077672 530.607508 1.529575 0.125000 0.844005 
147.070842 281.875786 147.286717 228.121633 2.670658 0.125000 42.947011 
367.958036 843.126290 367.629572 800.619169 2.664125 0.125000 23.802541 
607.612308 128.135880 608.170259 154.427094 4.892789 0.125000 32.994679 
674.149643 688.471318 661.939489 680.525897 4.456546 0.125000 1.098946 
699.255249 735.029191 691.919336 751.894285 5.135010 0.125000 18.089945 
159.193815 49.399783 160.055979 55.702834 5.292679 0.125000 3.149940 
365.909955 563.119887 366.358771 588.134262 1.631012 0.125000 9.839727 
536.746244 186.886603 538.320646 204.357369 1.581528 0.062500 1.722278 
616.367260 963.135452 617.318948 1009.365861 2.782465 0.125000 25.283320 
170.012658 501.885582 170.594041 466.853741 2.873011 0.125000 24.406351 
724.554125 820.616633 724.808047 788.118617 3.915917 0.125000 20.586841 
152.379308 828.120788 152.245131 851.877091 3.749940 0.125000 9.036891 
164.057470 573.129343 164.638937 615.638488 2.927183 0.125000 15.066201 
592.618994 211.848302 591.497428 180.593693 2.139774 0.125000 9.985806 
683.152986 631.914945 682.128569 600.575851 4.074705 0.125000 33.226779 
8.928711 1050.375743 6.691904 1065.598095 4.073612 0.125000 3.569766 
77.581444 869.812160 71.835328 862.667555 7.220482 0.125000 8.485504 
183.561983 838.115220 183.841600 850.608962 1.501405 0.125000 0.844005 
216.866113 795.103433 244.379424 794.634635 2.584820 0.125000 26.130525 
543.540608 369.352764 544.277729 383.130204 1.782471 0.125000 2.650185 
554.820097 521.942859 555.979967 535.700458 2.491162 0.125000 1.260535 
686.935364 750.622466 685.992337 728.162060 2.602672 0.125000 8.970632 
60.644091 722.832221 29.356676 723.456212 2.748751 0.125000 11.321938 
45.684221 1040.622453 46.332774 1055.702081 5.263937 0.125000 4.985970 
152.297582 793.108385 152.790215 805.638163 3.122105 0.125000 0.396688 
595.229417 243.189903 594.337560 220.577176 4.486022 0.125000 23.128341 
43.420436 146.867542 43.625572 189.372584 5.005974 0.125000 40.432558 
82.091845 424.187615 79.079186 440.798062 3.243653 0.125000 4.439958 
158.159733 273.106950 158.581378 303.118588 2.429513 0.125000 4.397863 
506.878354 112.988452 560.626630 114.308627 2.407166 0.125000 16.609725 
603.194763 218.285208 600.771792 200.435396 4.556600 0.125000 18.401839 
735.516387 773.125998 735.746191 798.146848 5.137551 0.125000 5.115353 
734.789153 840.584390 736.645876 859.520035 4.854152 0.125000 7.685972 
41.932635 874.393334 41.702043 859.396880 2.730324 0.125000 14.390355 
44.268500 45.614861 42.948732 59.477225 4.562414 0.125000 3.569766 
619.957608 1056.824845 621.272374 1039.329712 3.739455 0.125000 6.246933 
744.829983 495.878757 756.303784 475.306416 2.939646 0.125000 14.055335 
0.986169 348.091601 2.268126 361.954240 2.834689 0.125000 8.971815 
32.677826 1004.398897 33.747142 1024.408553 2.763257 0.125000 6.554264 
182.900990 541.877951 182.159880 485.621247 3.173374 0.125000 50.574808 
270.623879 494.240369 300.621799 493.990600 2.666432 0.125000 27.936705 
166.871003 716.874972 166.628887 751.881943 3.896876 0.125000 14.886299 
173.810901 1033.213646 175.575053 1069.316360 4.444967 0.125000 24.341362 
6.967410 264.254400 4.852452 284.554970 6.863989 0.125000 22.923411 
6.056687 391.955321 7.538809 407.055230 8.318874 0.125000 10.202431 
171.562200 63.196221 173.182134 41.879342 3.739219 0.125000 0.164899 
186.567167 434.380133 187.859507 511.879427 3.916211 0.125000 71.390428 
558.464164 679.363866 558.916410 693.140055 1.659457 0.125000 0.396688 
46.889826 10.623971 48.635058 35.763147 3.862582 0.125000 6.537819 
353.123582 375.633206 325.372319 370.837046 5.656643 0.125000 51.423630 
5.154678 216.852709 4.473894 269.392478 5.485446 0.125000 77.282019 
62.800434 751.876294 62.690770 724.376732 1.354670 0.125000 4.456365 
295.616335 482.653532 279.373038 482.735291 2.581760 0.125000 7.165635 
599.521846 860.589390 599.156471 871.908296 2.821331 0.125000 7.580439 
607.514927 344.440729 609.192684 328.106274 3.253230 0.125000 4.903351 
609.305752 171.829847 610.165876 218.133529 4.836628 0.125000 70.331219 
24.274988 964.347398 20.483315 978.085896 2.157563 0.125000 0.500966 
50.570558 1063.092701 50.290642 1074.397672 3.965438 0.125000 2.289991 
209.912109 473.144280 210.408270 459.322349 2.453549 0.125000 4.034658 
677.837652 945.784245 693.095920 941.764615 3.944713 0.125000 2.534428 
299.381383 133.458798 265.606896 133.223482 6.215013 0.125000 44.197329 
403.018226 568.151359 402.410387 536.864598 2.426687 0.125000 22.731109 
604.349486 232.233472 602.859372 221.735278 4.950381 0.125000 1.255631 
621.316931 1011.823612 620.294497 998.056711 3.299860 0.062500 1.036453 
670.219636 470.546874 673.586629 506.947922 2.741377 0.125000 26.849155 
3.182507 378.021132 4.374471 393.025742 4.134175 0.125000 9.046741 
33.822021 1026.852139 34.232907 1039.379660 2.037562 0.062500 0.946988 
158.475240 156.871948 158.682166 180.620145 1.456886 0.125000 2.266033 
571.924451 240.595265 572.926360 284.379545 2.756710 0.125000 27.922891 
602.719214 242.010179 604.210265 232.698313 4.937108 0.125000 3.117123 
6.257374 405.567080 6.605237 424.379988 7.683593 0.125000 22.443407 
8.659259 344.415548 7.237200 363.152490 3.928442 0.125000 9.654475 
17.798685 920.605951 18.263031 943.122153 2.731425 0.125000 2.893609 
108.350617 874.403202 111.639051 848.095507 3.566000 0.125000 13.132606 
719.855250 880.723414 718.242597 868.109965 2.796863 0.125000 0.412662 
51.036352 204.366131 52.195340 258.118093 3.991642 0.125000 70.978903 
470.613041 112.663885 498.125668 113.080944 2.727069 0.125000 0.196253 
579.388525 138.988127 533.064043 137.368640 5.433676 0.125000 66.923020 
663.354860 1026.751179 665.167228 1011.819437 4.662340 0.125000 6.154137 
785.788125 418.423814 788.279191 406.643284 4.444678 0.125000 5.727649 
46.980855 298.116354 48.409104 315.601794 3.010788 0.125000 0.721599 
219.261219 944.378856 218.286623 915.619523 1.884318 0.125000 2.534428 
559.691993 949.370356 558.391728 860.621092 2.774408 0.125000 55.766684 
600.811130 163.266965 598.942802 149.265871 3.470053 0.125000 3.438464 
192.196247 1009.449858 191.363167 999.114001 4.258412 0.125000 0.015455 
411.756952 838.127089 413.305028 925.621815 2.366929 0.125000 49.775284 
606.374796 85.640412 607.604929 125.563994 3.422742 0.125000 34.047854 
50.786670 159.360120 50.393424 188.121834 2.790280 0.125000 24.330431 
152.203258 753.063617 151.026436 770.734977 3.243355 0.125000 2.534428 
607.711646 325.790787 606.206704 310.691609 3.731511 0.125000 3.639016 
688.089042 843.125541 687.693911 816.862679 2.706566 0.125000 14.923347 
150.090697 419.298124 152.242979 439.335474 4.129049 0.125000 3.400076 
660.710787 685.519968 659.805806 695.551094 7.469663 0.125000 10.458818 
752.467041 475.243456 745.155155 487.852542 2.508235 0.125000 0.412662 
51.085441 188.160227 51.755834 203.186087 2.608944 0.125000 7.165635 
148.510565 140.691404 151.127535 125.496268 3.100199 0.125000 7.250329 
186.162322 368.086704 187.770476 390.650268 2.940729 0.125000 18.772427 
217.161386 188.121242 217.555194 218.132477 1.594316 0.125000 13.307701 
265.649882 132.864231 189.379396 131.608063 5.225753 0.125000 106.320096 
369.516276 678.118765 369.600352 696.879592 5.072773 0.125000 7.265492 
380.783791 378.177282 365.391451 376.136597 5.778053 0.125000 25.211297 
425.654445 741.738963 354.355138 743.623578 4.866138 0.125000 138.179915 
557.198647 576.936447 556.418879 596.905999 2.985823 0.125000 14.082509 
612.569505 798.191726 609.555900 773.103270 2.631234 0.125000 10.813946 
656.774487 717.979725 653.527106 748.168255 4.837629 0.125000 25.479738 
675.781220 498.113513 674.037511 474.399816 1.338301 0.125000 3.553275 
762.193828 731.917088 761.683829 720.633641 2.836096 0.125000 2.993178 
439.374100 112.031808 463.130494 112.168207 2.593258 0.125000 0.798699 
484.470249 1052.645543 474.468560 1053.881879 2.941162 0.125000 1.747095 
685.612645 710.625411 683.032468 633.086484 3.205339 0.125000 51.172092 
48.809203 324.326271 47.508430 339.429554 3.134336 0.125000 12.584175 
148.615169 173.127424 148.769725 141.872007 1.398330 0.125000 22.518165 
186.278986 216.877017 186.786654 366.871068 3.771132 0.125000 185.202485 
410.773137 516.876335 410.964661 495.628062 1.396415 0.125000 0.844005 
601.509034 813.102536 602.660324 794.346477 2.571887 0.125000 11.135083 
718.673825 491.762964 722.008383 508.097771 1.974791 0.125000 2.266033 
7.565291 111.820551 6.578160 121.967725 3.732381 0.125000 2.110771 
29.428931 809.410455 28.613379 781.897576 4.044649 0.125000 17.491756 
400.036722 423.128368 399.936505 405.621786 1.350157 0.125000 3.861710 
531.917805 138.100226 499.328631 137.005942 6.582072 0.125000 43.956553 
588.486617 925.504886 589.612205 940.607321 3.646723 0.125000 3.639016 
768.105102 599.371180 767.954659 649.378248 3.753744 0.125000 54.515751 
158.669066 140.614738 158.951881 155.609404 1.532643 0.125000 2.266033 
369.419385 117.053437 410.650422 118.761259 2.859980 0.125000 32.759326 
606.828343 156.793114 607.782748 170.818412 6.150715 0.125000 4.048187 
34.531654 779.395546 35.212627 815.632749 2.734418 0.125000 28.827762 
159.840859 578.131662 160.063877 604.379768 2.510530 0.125000 16.790094 
324.622663 156.960125 314.038069 154.709746 5.410588 0.125000 8.970632 
409.411851 156.884387 323.199221 155.608772 8.460824 0.125000 190.455592 
481.874201 116.901375 374.359237 113.645532 2.498854 0.125000 68.096016 
721.517189 485.698400 718.659021 471.765452 2.197811 0.125000 2.266033 
742.082989 513.161824 744.986562 496.761965 3.038808 0.125000 14.390355 
3.411067 362.609657 8.142821 376.869086 8.299370 0.125000 10.202431 
354.375000 226.875000 354.375000 246.875000 1.250000 0.062500 0.569100 
388.151738 110.056864 426.874799 111.879274 2.085893 0.125000 12.884683 
440.612483 118.339935 476.885057 120.452307 1.623708 0.125000 9.814392 
649.601951 746.865554 648.716829 725.600366 2.653789 0.125000 0.505630 
659.598321 584.283155 651.138053 595.045697 8.844490 0.125000 14.822802 
22.094240 995.184827 26.286165 1009.176920 3.539668 0.125000 0.468369 
47.619763 276.871270 47.701177 293.127123 2.518750 0.125000 3.817167 
152.342235 853.041260 154.156506 863.164160 2.901824 0.125000 0.500966 
313.134142 155.215569 229.372911 154.754137 6.346309 0.125000 128.528025 
236.887290 115.162201 290.632583 116.589465 2.300019 0.125000 26.061905 
547.046222 483.119698 547.936775 511.880828 1.907066 0.125000 11.506568 
161.138578 788.106646 161.586314 800.635317 1.606343 0.125000 0.844005 
163.484304 440.615108 163.794745 451.890975 1.490336 0.062500 2.650185 
402.010668 530.627354 402.357952 510.611691 1.596772 0.125000 1.747095 
723.128739 556.940302 650.722964 561.085974 6.234835 0.125000 103.932442 
49.330269 144.628702 51.689071 156.666496 5.387420 0.125000 1.846506 
78.303458 956.890023 79.261443 945.510212 3.006925 0.125000 2.266033 
653.841548 703.193183 655.631040 717.193767 4.484211 0.125000 5.448099 
697.792030 795.626465 698.083628 861.886184 4.961445 0.125000 74.454293 
723.841324 729.400332 722.474084 700.596563 3.267666 0.125000 25.113607 
10.337622 440.599283 10.672225 453.123738 2.766173 0.125000 2.110771 
211.367775 546.908483 210.288871 530.564673 2.412234 0.125000 4.731565 
599.978072 1056.812013 601.527831 1071.650149 4.713252 0.125000 6.690710 
722.932667 752.894072 725.922135 734.222439 3.654265 0.125000 0.581770 
762.704759 830.628003 762.786199 808.123774 2.567837 0.125000 7.383064 
293.119668 116.168952 355.625915 116.781630 2.548887 0.125000 43.342749 
595.964119 324.392731 597.137331 301.954073 4.071222 0.125000 4.376292 
653.982875 613.092195 653.582498 633.134139 4.073812 0.125000 34.345809 
43.572704 990.591284 44.522844 1003.208001 4.396496 0.125000 5.875687 
669.279039 510.692794 679.677374 525.411380 4.383361 0.125000 7.448253 
759.575637 954.379915 759.084509 974.429124 3.687653 0.125000 3.501551 
118.947115 864.704611 113.937098 877.200594 3.945839 0.125000 4.903351 
414.914421 1014.360694 414.536574 1033.128253 1.602003 0.125000 2.650185 
152.828568 280.627395 153.000232 301.876008 1.421629 0.125000 0.844005 
218.235974 1016.871097 218.719000 1030.604107 1.556798 0.062500 1.446065 
425.094568 382.500452 407.878521 385.423094 8.835787 0.125000 45.573145 
290.627953 108.857311 320.626977 109.028411 2.521347 0.125000 14.980128 
574.425898 323.122304 575.287607 339.392869 1.843231 0.125000 1.260535 
411.361056 986.897841 410.471487 966.881823 1.637259 0.125000 5.359455 
730.317071 589.326003 731.491835 641.883564 3.860795 0.125000 37.136728 
734.242718 806.807980 736.118753 838.095394 5.140670 0.125000 39.845454 
187.521239 391.869503 187.765795 420.617422 3.771131 0.125000 17.522500 
30.095673 883.153173 30.382044 863.121527 6.267230 0.125000 14.991517 
42.500479 1014.205376 41.745195 1028.117953 4.857128 0.125000 5.123886 
84.541377 384.405850 82.217566 396.938519 2.458101 0.125000 1.383013 
576.444818 370.640079 577.670171 405.597127 2.323308 0.125000 24.665672 
711.248684 863.066748 712.080484 871.972557 2.954141 0.125000 2.650185 
125.747584 775.625028 125.740378 806.875027 2.505765 0.125000 12.074015 
369.498473 960.626428 369.744326 939.364817 2.658816 0.125000 4.248132 
356.530942 465.634693 357.693128 506.887167 2.287798 0.125000 19.433469 
402.177538 486.852248 400.861866 469.357187 1.621434 0.125000 1.747095 
548.439087 534.365489 550.445653 600.630431 1.968271 0.125000 22.164219 
600.141111 378.104838 600.663206 365.574509 4.682894 0.125000 2.283160 
600.379286 593.131913 601.363161 628.104233 2.217793 0.125000 23.191568 
768.337249 650.554328 770.699565 699.431810 5.073191 0.125000 46.459993 
170.587212 338.126142 170.096742 321.890959 1.836114 0.062500 2.878281 
361.250624 621.865523 361.534881 640.630152 1.514926 0.125000 1.260535 
311.872461 112.832990 294.373784 112.985116 1.380351 0.062500 0.241945 
443.235387 159.964145 409.525673 158.016786 8.302894 0.125000 80.168473 
52.298503 260.611591 52.734679 274.387359 2.617423 0.125000 4.034658 
256.848698 107.292893 280.661714 108.791677 2.180986 0.125000 5.727649 
659.696646 638.114723 660.084038 603.119012 1.637339 0.125000 9.062132 
693.072816 638.082334 693.608025 653.107795 2.542912 0.062500 0.280995 
288.130617 112.989022 265.617399 112.058989 1.919659 0.125000 1.632457 
396.951666 381.731618 379.298207 382.010292 12.715471 0.125000 60.556732 
410.743439 811.870403 411.568832 833.136883 1.976236 0.125000 4.778934 
41.607595 6.830638 39.926084 16.966424 2.057138 0.062500 0.296077 
108.644341 829.392751 109.200576 813.119038 1.633571 0.125000 0.500966 
371.393518 470.622552 371.495206 450.623069 2.512679 0.125000 4.778934 
560.625000 1005.625000 560.625000 983.125000 1.250000 0.125000 1.747095 
594.697045 391.865516 595.911862 433.116552 1.801395 0.125000 11.907806 
612.969890 260.620274 612.588188 273.146732 3.710188 0.125000 1.028093 
771.006752 758.019407 772.472329 780.667235 4.145776 0.125000 17.461365 
173.161695 18.137719 172.977855 0.600336 5.143855 0.125000 2.623054 
368.506439 930.634401 369.153794 904.369548 1.680815 0.125000 8.941625 
639.974059 505.223165 647.893846 517.030053 2.101779 0.125000 0.500966 
3.477864 791.858828 4.340632 810.683864 2.382922 0.125000 6.389780 
18.384370 308.104128 16.977115 290.616783 1.542745 0.125000 0.844005 
20.377015 399.407070 18.607541 385.724248 2.158722 0.125000 1.383013 
41.890458 824.374276 40.550358 795.745518 4.622618 0.125000 19.821379 
43.402149 856.854280 42.280016 841.844720 2.679426 0.125000 4.731565 
400.625000 464.375000 400.625000 429.375000 1.250000 0.125000 10.777995 
418.662796 906.966487 420.736609 923.110663 2.798148 0.125000 3.853768 
560.671449 804.373183 561.454536 824.391448 1.737654 0.125000 8.971815 
578.156422 419.373799 578.538191 429.359203 2.736955 0.125000 0.844005 
39.352815 793.207147 40.690529 773.213016 3.825080 0.125000 8.498809 
59.285524 406.832640 54.019200 417.956556 2.734278 0.125000 1.260535 
582.361804 470.595666 581.688333 488.117825 1.777138 0.125000 0.844005 
713.205606 851.887489 711.633969 862.031325 2.853294 0.125000 1.383013 
436.702845 376.098840 424.356410 380.573708 10.135350 0.125000 37.918719 
567.584977 1051.883445 567.408785 1040.616653 1.406210 0.062500 1.722278 
640.512090 1048.491603 637.979913 1039.077795 4.037642 0.125000 0.503034 
445.644389 768.423517 414.283125 770.460497 2.332704 0.125000 9.857737 
731.670457 643.104475 732.431907 681.888608 2.769420 0.125000 11.442397 
192.547322 860.547544 194.854029 880.569812 2.912760 0.125000 9.814392 
456.917528 160.787274 444.241414 160.291660 8.743320 0.125000 11.129290 
578.634774 428.119182 578.948596 455.615600 2.599696 0.125000 11.643892 
754.498575 558.101300 732.966157 556.012210 4.215311 0.125000 9.322426 
744.758172 834.375376 744.771660 820.625389 3.129903 0.125000 5.359455 
20.039604 443.139446 20.366085 428.119372 2.608066 0.125000 0.503034 
351.917136 385.391962 338.383579 382.944913 3.808166 0.062500 1.645733 
83.645224 839.387031 83.933640 856.882276 1.497078 0.125000 1.260595 
192.414269 843.196273 193.791852 856.933479 3.231011 0.125000 0.015455 
721.434735 653.128710 721.192490 624.380751 1.492210 0.125000 16.126524 
794.490006 374.369265 793.492017 354.356698 2.683670 0.125000 4.248132 
85.413856 811.876725 85.587483 833.125307 1.925985 0.125000 0.844005 
693.563843 613.130402 693.663737 628.129737 2.541568 0.062500 5.879697 
376.755872 388.039718 365.495816 386.888037 3.724050 0.125000 2.963013 
59.385354 166.875912 57.845613 184.350382 1.574327 0.062500 1.722278 
534.700088 163.997661 519.315215 160.924276 3.677342 0.125000 0.988132 
510.624456 161.748010 486.869541 161.849685 2.585579 0.062500 2.763844 
