510.302194 2138.118108 509.954248 2154.414058 4.042665 0.125000 5.198704 
518.662172 2177.239041 511.913147 2140.849759 4.786885 0.125000 26.436167 
354.578840 1872.892915 362.330977 1837.948851 4.073307 0.125000 33.594520 
820.560285 1419.829527 840.686221 1422.695014 3.884602 0.125000 10.368963 
363.525075 1910.785736 356.332749 1872.754755 4.747467 0.125000 56.579533 
726.866116 1442.306996 778.145841 1443.361519 5.435838 0.125000 38.282404 
366.469658 1816.250622 354.236979 1857.207120 4.541809 0.125000 49.965914 
383.924861 1733.296521 381.830168 1758.330434 5.394407 0.125000 16.630980 
868.295547 1400.279240 881.573219 1397.774959 4.218344 0.125000 10.090837 
353.889080 1858.014475 342.460897 1908.258265 4.713033 0.125000 94.335306 
403.076910 1732.730061 385.491929 1731.741048 4.921919 0.125000 21.832247 
433.147422 1399.262205 454.784822 1403.563337 4.424094 0.125000 25.198479 
1800.867864 1832.844767 1812.215411 1893.295743 4.754794 0.125000 84.147238 
371.806634 1824.560142 369.520387 1808.280124 4.061231 0.125000 5.336898 
455.089123 1405.611128 479.586977 1410.891563 5.224542 0.125000 14.389567 
1608.857372 2364.302459 1603.806095 2313.305162 4.594205 0.125000 73.648368 
1487.726710 1529.286501 1483.521294 1548.213055 3.796147 0.125000 22.893354 
886.895954 1389.022795 900.671562 1389.842369 3.015246 0.125000 0.496759 
721.985098 1739.396202 718.092486 1759.609460 4.200652 0.125000 11.542132 
340.411693 1928.410841 350.095317 1977.984294 5.089714 0.125000 75.857275 
1319.946885 1472.084441 1312.949640 1449.429161 5.690480 0.125000 19.102599 
313.488794 1710.680619 301.756488 1713.949672 3.658421 0.125000 1.338047 
353.322054 1962.398652 363.508275 1909.934808 5.289986 0.125000 71.938268 
1462.927947 1714.443673 1449.143846 1674.891185 4.686118 0.125000 63.322661 
1140.589455 1320.357148 1114.304695 1323.845203 4.627675 0.125000 27.997142 
1480.831802 2017.195905 1466.669024 2019.060367 4.044219 0.125000 4.867344 
718.114457 1759.703794 724.153557 1782.856716 3.786815 0.125000 30.429394 
1768.411779 2119.195135 1766.764271 2139.467587 6.502344 0.125000 11.965175 
1812.616339 1894.389052 1811.384265 1959.389392 4.454247 0.125000 121.505556 
362.532589 1839.749224 368.555077 1827.079434 3.979152 0.125000 10.090837 
1751.883815 2216.877112 1748.281951 2231.912599 8.218035 0.125000 6.271845 
727.496317 1798.004888 728.984037 1805.700580 2.691810 0.031250 1.981529 
1601.144517 2320.571192 1600.025331 2335.764980 6.692249 0.125000 2.138441 
1454.732772 1916.892955 1456.681996 1878.052582 3.812572 0.125000 69.672394 
509.916774 2154.857537 514.777630 2174.583805 4.204426 0.125000 18.356084 
1455.898963 1969.389272 1455.094107 1914.346207 4.944638 0.125000 64.654220 
1463.337614 1768.164447 1470.578884 1729.134530 4.649369 0.125000 52.609221 
900.545840 1511.084012 874.216628 1506.543324 4.970068 0.125000 24.132370 
1788.291010 2074.984425 1775.703533 2078.413298 3.946695 0.125000 7.457944 
1449.320544 1853.121968 1451.344554 1816.775852 4.995220 0.125000 39.299094 
301.988731 1789.650275 307.567013 1736.684585 5.625807 0.125000 53.270896 
1452.723750 1816.339367 1463.948223 1781.736562 4.274539 0.125000 58.230879 
1185.904928 1309.767135 1170.505216 1304.742088 3.590051 0.125000 11.849592 
1811.923831 1956.901086 1812.385097 1978.141068 3.857675 0.125000 29.033344 
1456.661369 1879.126544 1450.506495 1853.453081 4.129693 0.125000 35.942564 
1464.438470 2016.911818 1465.420746 1981.869275 4.414002 0.125000 40.262319 
699.541798 1297.955831 700.736611 1307.962420 3.723551 0.062500 2.235330 
342.701017 1909.200036 340.708416 1928.264368 4.249451 0.125000 25.664184 
844.127494 1564.292016 819.511953 1568.862583 4.775786 0.125000 27.063351 
308.286197 1735.968671 314.236137 1711.536768 4.763745 0.125000 27.297272 
1464.122615 1781.853863 1464.298443 1769.356337 2.675598 0.125000 1.037555 
1794.173526 1808.796798 1800.164318 1832.612003 4.536462 0.125000 28.550628 
520.585689 1397.259647 548.307143 1400.092779 5.128536 0.125000 27.154047 
653.607651 1405.710881 675.204315 1421.211145 5.806436 0.125000 31.111940 
1566.050940 1488.570574 1569.727370 1464.428660 4.968107 0.125000 20.747569 
285.072528 2105.665894 285.957492 2090.571209 3.007826 0.125000 3.874112 
341.369594 1552.282440 349.713890 1511.433545 4.293843 0.125000 70.242845 
1792.773546 1745.642467 1791.898656 1790.649758 5.557817 0.125000 57.035643 
754.173719 1630.128230 737.653344 1678.391425 3.984523 0.125000 91.384026 
335.708686 2149.175275 302.543727 2135.279009 5.654885 0.125000 32.662019 
287.251690 1964.424448 295.626574 1900.625207 4.995840 0.125000 80.928453 
1788.321177 1731.528306 1791.426699 1744.482472 4.862233 0.125000 4.532765 
1599.881091 2336.805100 1598.563480 2374.390372 4.777961 0.125000 59.080255 
768.978679 1935.924163 738.359155 1948.686776 5.094033 0.125000 41.376384 
820.380244 1570.019075 788.532412 1582.883601 4.436203 0.125000 62.405299 
737.972975 1678.808728 716.845489 1731.117950 4.545817 0.125000 89.588510 
808.107360 1439.368162 811.545890 1430.497428 4.734117 0.125000 3.014947 
677.780309 1426.259451 691.539082 1451.374233 8.274468 0.125000 27.223726 
729.334776 1806.613031 739.146647 1851.924448 4.256594 0.125000 66.736163 
333.627160 2231.864485 334.752274 2151.845153 4.612880 0.125000 169.662784 
499.341138 1384.458764 517.629034 1391.851845 4.438330 0.125000 12.344884 
352.908219 1977.824860 355.709207 1964.136450 4.175051 0.125000 8.134514 
392.174833 1431.708302 411.394450 1426.388761 4.743461 0.125000 20.140934 
1481.879078 2033.124532 1480.305638 2019.411644 3.338657 0.125000 8.619362 
1228.854664 1273.441394 1243.784222 1297.994298 5.946667 0.125000 21.429496 
1767.448550 2139.748632 1769.363038 2149.619755 3.956531 0.125000 2.215845 
310.199310 1646.703724 319.900227 1639.290737 6.305976 0.125000 1.424356 
744.082564 2002.387601 709.983904 2015.910394 5.168292 0.125000 50.356951 
872.625001 1505.276420 862.726024 1519.475397 8.795201 0.125000 11.782417 
1265.106036 1395.744205 1262.253424 1383.325199 3.835720 0.125000 3.026858 
1470.928860 1728.618141 1463.669231 1714.689822 4.339821 0.125000 16.020131 
1796.497123 2009.083097 1785.173523 2023.741844 5.621323 0.125000 14.775688 
336.194505 2303.143653 334.240112 2231.844434 4.039093 0.125000 128.915533 
1767.105398 2152.958471 1769.080604 2170.517505 4.425149 0.125000 17.497235 
281.572847 2085.594857 280.418696 2049.302058 4.759086 0.125000 66.739936 
1612.334392 2383.253473 1609.269452 2364.392151 5.999442 0.125000 11.265568 
383.600414 1758.810499 393.291188 1745.513198 8.732025 0.125000 11.135824 
528.796400 2190.990084 519.951590 2176.972462 4.782444 0.125000 22.446307 
294.493768 1899.377235 294.608068 1829.377422 2.614296 0.125000 83.218744 
938.450357 1456.675855 934.626726 1474.429216 5.320346 0.125000 5.908085 
1786.214250 2022.639583 1792.421599 2030.174719 3.913518 0.062500 3.363976 
1189.238741 1236.523901 1208.170762 1234.912721 3.842490 0.125000 17.768567 
425.838113 1401.721245 435.239798 1399.893534 3.885282 0.062500 0.455480 
546.823664 1400.229324 553.348086 1358.159598 5.278056 0.125000 43.735807 
1465.966648 1982.519039 1456.551840 1969.240401 4.634637 0.125000 15.811420 
733.465616 1955.544945 743.864241 1999.788831 4.575908 0.125000 71.817784 
292.042530 1995.601830 287.684349 1964.090184 5.334821 0.125000 29.881219 
1341.494483 1525.772088 1320.818512 1472.283384 4.830013 0.125000 96.351221 
305.809509 1686.245037 300.108462 1676.448179 4.675586 0.125000 7.324007 
1162.839559 1309.442891 1143.371034 1314.143910 3.938637 0.125000 21.272593 
1798.510454 2041.952051 1792.551850 2071.760429 5.394311 0.125000 29.891436 
342.810404 2353.153527 338.272691 2303.111608 5.211661 0.125000 57.085370 
1749.501546 2232.313666 1763.115324 2234.437039 3.705202 0.125000 1.431107 
693.158725 1452.172907 706.877045 1434.648107 5.393492 0.125000 35.445970 
297.182778 1708.138402 296.969208 1693.123660 3.767399 0.125000 11.849592 
1469.886279 2340.741982 1468.666494 2333.039250 3.251273 0.031250 3.996305 
280.234278 2048.582174 291.460957 1996.785259 4.681985 0.125000 81.986615 
1781.610666 2100.758741 1768.795258 2111.637172 6.149877 0.125000 15.347209 
958.970855 1446.010681 942.758574 1453.591349 5.735046 0.125000 19.647491 
1478.713751 1514.886402 1489.110515 1528.329549 7.778752 0.125000 3.007175 
1813.406376 1978.346950 1797.204865 2008.961091 6.105145 0.125000 55.810344 
734.070720 1850.256084 757.686728 1910.795966 4.542727 0.125000 56.723121 
1456.614401 2219.342839 1474.636169 2073.311494 5.437436 0.125000 184.123910 
1156.820936 1229.659208 1190.310207 1236.029816 4.851919 0.125000 37.329734 
319.616321 1618.582991 341.901622 1546.017056 5.437862 0.125000 113.907569 
1238.359255 1345.229436 1211.800312 1329.501119 5.618002 0.125000 34.024751 
1780.055948 2085.472926 1782.627174 2096.986178 3.932291 0.125000 5.706689 
906.132257 1491.923041 904.713166 1506.907027 3.851151 0.125000 6.454911 
1792.504666 2030.095052 1796.857157 2041.400637 6.999223 0.125000 0.104162 
1769.380539 2170.292321 1758.733657 2210.119391 5.631450 0.125000 43.011524 
766.209065 1607.713049 749.275557 1635.086741 8.756500 0.125000 61.942777 
1169.873891 1305.350395 1162.892814 1308.921048 4.451515 0.125000 0.634220 
340.055126 2390.613602 340.804850 2353.128597 4.599068 0.125000 74.030236 
714.247997 1433.869452 726.522819 1441.721466 4.885542 0.125000 15.880589 
758.079559 1911.250408 769.015273 1933.902138 4.191939 0.125000 40.773514 
1477.685449 2071.890621 1477.061160 2054.323961 3.969608 0.125000 14.099481 
526.423599 2238.217253 528.512234 2191.836148 4.432608 0.125000 79.393392 
303.101347 2134.857899 288.135447 2110.932259 5.433967 0.125000 33.929132 
1372.044544 1582.388441 1342.685531 1525.805852 4.971965 0.125000 123.927978 
1275.635258 2436.750027 1462.065580 2452.053279 5.020545 0.125000 300.127206 
515.943195 2175.311203 509.130054 2195.542511 6.358646 0.125000 22.450856 
739.725458 1851.045643 750.153331 1873.345561 4.235940 0.125000 34.187761 
710.390352 2016.871616 710.513606 2099.377034 5.085893 0.125000 125.552000 
516.882302 2285.861243 525.844041 2238.166157 5.442223 0.125000 76.239937 
351.304866 1507.040526 361.198107 1466.405863 5.576413 0.125000 60.660266 
1467.892796 2332.056537 1459.581456 2264.196616 4.431927 0.125000 105.698622 
1036.443378 1390.744985 986.205928 1420.754957 5.854245 0.125000 95.940696 
294.008852 1833.264372 300.760243 1790.449217 4.739395 0.125000 67.553251 
1576.069697 1475.056569 1583.755362 1481.069243 4.493975 0.125000 0.496759 
1430.718572 1480.821914 1464.836944 1500.725848 5.939245 0.125000 62.922231 
516.406393 2361.882585 517.134661 2286.853254 4.878440 0.125000 139.712076 
863.520105 1520.785767 858.801257 1532.382925 4.375767 0.125000 12.180784 
1088.996412 1354.683423 1083.328628 1370.697071 4.097832 0.125000 21.105602 
1496.882194 1548.158876 1509.350830 1545.511176 3.927855 0.125000 7.457944 
504.146796 2203.117831 504.260930 2219.384571 3.863921 0.125000 19.099354 
513.449410 1391.167814 521.625661 1394.918537 3.294634 0.125000 0.134465 
512.968667 2395.717063 516.016246 2359.513157 4.995006 0.125000 54.059841 
1313.431943 1450.098449 1267.814212 1399.404322 8.361352 0.125000 125.002090 
711.017546 2100.461506 700.186067 2157.267990 5.733489 0.125000 91.463734 
522.650013 2448.431056 513.453009 2396.595022 5.002558 0.125000 43.370829 
912.218354 1383.542960 934.369066 1365.346168 6.416302 0.125000 33.986097 
458.137905 2397.672569 511.879835 2399.205480 4.354355 0.125000 99.266606 
1414.092279 1629.576423 1399.590489 1609.221476 7.292410 0.125000 25.832793 
305.877938 1660.730235 311.492312 1647.235848 6.250653 0.125000 13.784467 
724.401182 1779.937640 734.941617 1802.864502 4.203647 0.125000 13.691208 
1473.501346 2357.841677 1470.404784 2340.066645 9.152313 0.125000 12.459545 
503.123356 2234.018827 489.072764 2283.394700 5.122157 0.125000 90.424783 
1227.645052 1252.098399 1235.197502 1268.323985 4.240329 0.125000 19.519454 
1445.975115 1671.592922 1417.932856 1636.786896 5.355677 0.125000 85.435032 
487.694714 2282.220365 470.913434 2336.578146 5.587224 0.125000 86.105049 
503.719182 2219.320061 502.453943 2234.423499 4.460803 0.125000 20.212027 
412.433032 1425.444733 415.641369 1413.129264 5.398501 0.125000 0.082552 
1036.557645 1320.833248 1054.887783 1308.297058 7.655335 0.125000 23.454487 
1484.181746 1552.645765 1494.517307 1548.477895 4.637160 0.125000 4.723107 
1068.210883 1312.030706 1110.411461 1288.754109 5.924286 0.125000 76.552315 
1261.643270 1384.877951 1240.774364 1356.432477 5.109936 0.125000 79.782093 
532.987397 1306.028223 530.588346 1297.772414 3.447118 0.125000 0.134465 
1479.982895 2046.544599 1482.349870 2032.989646 4.124146 0.125000 15.486995 
481.367535 1401.451671 499.342803 1385.305880 8.274805 0.125000 28.710956 
239.259779 2386.986479 311.874423 2393.131817 4.704705 0.125000 105.110948 
1475.669217 2370.615550 1473.516137 2360.541405 7.073108 0.031250 8.061116 
942.545485 1364.829878 1034.807261 1328.545691 4.928575 0.125000 172.706853 
1399.108600 1609.609646 1372.527487 1582.460001 5.265596 0.125000 75.906022 
1459.870961 2263.208593 1458.092586 2220.574212 4.632357 0.125000 72.116024 
855.640816 1537.421901 850.318822 1548.575355 7.410274 0.125000 4.863353 
530.472279 1283.161852 530.978306 1268.094884 3.747887 0.125000 12.729907 
313.099282 2392.013135 339.386576 2392.500158 3.795666 0.125000 32.712377 
1052.035311 2417.371925 1273.169433 2435.069809 5.928899 0.125000 347.243845 
1278.430961 1325.218114 1308.021633 1358.350951 5.857627 0.125000 92.121311 
880.641686 1396.913555 887.460183 1389.971972 5.287276 0.125000 3.026858 
1574.473310 1459.440307 1586.559744 1441.245946 6.931464 0.125000 26.294159 
1598.608137 2368.052271 1599.640528 2428.141914 7.413002 0.125000 124.444695 
1758.135264 2443.537206 1728.109142 2443.169336 3.810972 0.125000 32.809249 
464.809097 2362.941204 456.822597 2398.394778 5.119060 0.125000 45.916935 
1464.835781 1501.401044 1478.022963 1514.487449 4.415995 0.125000 31.742614 
678.187588 1379.415379 650.411801 1406.681193 9.861514 0.125000 62.219910 
1405.050720 1458.931930 1416.396750 1466.355907 5.836864 0.125000 12.554356 
1784.538309 1693.947965 1790.252574 1712.859839 5.870927 0.125000 16.809055 
984.009655 1428.768647 972.993251 1435.406339 7.508225 0.125000 5.170251 
1415.746858 1466.935311 1431.156913 1477.885549 6.971988 0.125000 18.836567 
471.948920 2336.250566 465.146382 2362.680081 4.877938 0.125000 41.385846 
787.085798 1585.788016 767.382904 1606.157178 4.786158 0.125000 59.298564 
1417.867878 1636.180321 1413.699697 1630.222906 4.607182 0.125000 2.843735 
973.421471 1436.413291 961.756132 1442.911616 4.851675 0.125000 13.402580 
934.250076 1475.464693 912.978565 1492.041136 8.092083 0.125000 29.567573 
530.660622 1297.030188 528.871454 1283.029609 3.719750 0.125000 10.090837 
1114.890442 1323.746534 1090.376872 1344.075801 7.134983 0.125000 45.271357 
1533.895793 1578.270960 1549.069965 1551.009444 10.685124 0.125000 60.969965 
1720.703304 2349.579944 1758.180220 2352.388033 4.299910 0.125000 37.971418 
1341.614826 1387.127538 1371.734464 1417.016620 6.333162 0.125000 72.473131 
59.286467 2375.986479 238.251709 2385.818644 4.485466 0.125000 312.937182 
370.886985 1444.840988 392.373195 1432.761130 5.242156 0.125000 29.763138 
700.141235 2154.999970 692.466489 2176.288865 4.895388 0.125000 34.691168 
1386.650065 1438.409944 1406.954586 1459.264542 7.306671 0.125000 44.117838 
1211.013866 1330.132382 1183.574466 1308.472104 5.782733 0.125000 53.895918 
553.232554 1357.135511 543.797009 1315.756799 6.883876 0.125000 58.426293 
1083.631526 1368.818392 1071.909559 1379.413235 5.564055 0.125000 4.262224 
1586.017654 1440.037989 1604.877520 1418.402703 6.620503 0.125000 42.678174 
692.891728 2175.754237 684.132835 2244.661994 5.328272 0.125000 132.772108 
1377.084971 1421.739003 1388.025218 1438.630008 7.474893 0.125000 12.880556 
721.754721 1273.397534 714.070612 1305.250019 9.134847 0.125000 56.833493 
1110.622357 1288.118678 1125.614885 1281.850804 3.941961 0.125000 17.532622 
1688.148511 2440.037065 1725.588638 2441.534281 5.595372 0.125000 41.995468 
702.077482 1331.901258 700.719408 1342.373552 4.662641 0.062500 2.561045 
1065.710589 1366.620896 1036.061370 1389.574010 5.133122 0.125000 79.332250 
1371.481493 1416.848092 1375.519107 1422.273560 4.500900 0.125000 0.134465 
478.085972 1408.682621 482.090804 1401.226669 7.626615 0.125000 0.555906 
1621.738974 2437.780607 1613.505526 2413.814832 7.426754 0.125000 31.990726 
670.803740 2312.072273 657.844134 2405.931407 6.274161 0.125000 138.798839 
1763.455268 2238.106861 1762.740623 2274.342767 3.214298 0.125000 59.738404 
1315.952293 1360.325665 1341.087642 1387.808655 7.805741 0.125000 55.972458 
1550.056456 1553.015525 1559.457771 1523.151056 9.472240 0.125000 75.127931 
1467.288168 2451.399335 1479.094680 2445.099641 6.913221 0.125000 1.860571 
658.065723 2405.127599 818.155578 2417.736775 6.192170 0.125000 260.543472 
1726.382197 2442.781526 1732.107681 2455.403485 6.935756 0.125000 8.806218 
1612.059131 2398.133261 1612.740810 2382.939516 6.299745 0.125000 20.227972 
677.383603 2268.855194 671.269973 2306.978431 5.379443 0.125000 76.314917 
544.257467 1315.988792 532.555230 1306.072277 5.059271 0.125000 18.386639 
701.760740 1337.917082 678.214408 1378.705005 10.747067 0.125000 115.013634 
363.691732 1460.578051 374.407322 1444.396404 5.563066 0.125000 27.694875 
681.860506 2251.584422 678.881319 2264.548801 9.269142 0.125000 10.700241 
1256.508629 1309.586625 1272.936068 1323.565926 5.043574 0.125000 33.825246 
1430.927106 1478.993352 1437.362871 1484.087792 4.491948 0.125000 2.404402 
534.617998 1269.551162 532.260366 1239.344922 8.334396 0.125000 37.558367 
684.466493 2242.787548 682.019352 2251.188843 4.148118 0.125000 1.518938 
0.394821 2368.989258 59.532580 2375.427582 4.193929 0.125000 109.863748 
532.611703 1238.470202 541.166024 1220.214232 8.311403 0.125000 33.007589 
1611.256383 2414.206019 1608.196068 2402.771434 4.507023 0.125000 2.387631 
1559.158089 1511.121694 1565.397388 1488.618727 8.563266 0.125000 37.324424 
1802.307135 1719.428532 1804.480015 1701.888009 4.336244 0.125000 5.445932 
1481.587124 2392.293953 1475.766280 2370.927041 7.893398 0.125000 17.321758 
1599.201541 2429.082933 1592.745678 2460.547170 8.634875 0.125000 64.880410 
1123.660730 1282.532054 1150.162644 1257.716158 7.373825 0.125000 56.552227 
1207.944626 1235.685164 1227.084820 1252.891599 8.000263 0.125000 29.439903 
1719.301067 2357.395092 1691.796840 2356.246300 4.421837 0.125000 21.937511 
1760.645135 2346.802630 1758.877283 2376.845712 8.368183 0.125000 36.044979 
1482.503529 2405.665955 1481.672534 2393.055968 4.481652 0.125000 10.969891 
1602.084936 2462.363391 1627.762170 2469.441279 6.110194 0.125000 11.093176 
1739.310143 2476.186957 1869.411910 2480.843821 5.974928 0.125000 211.220820 
416.047812 1412.403038 425.483309 1401.592322 9.058113 0.125000 9.432179 
1759.022003 2376.891763 1757.785231 2443.071931 8.655049 0.125000 179.273419 
706.517323 1314.278248 701.024198 1334.585487 8.574939 0.125000 42.516799 
687.885706 1165.596038 726.951246 1201.888441 9.169229 0.125000 130.906743 
949.423212 2414.182795 1051.892273 2417.608298 4.910072 0.125000 176.156791 
1244.361568 1298.138311 1255.612242 1309.387882 7.955515 0.125000 14.389567 
1491.717658 2435.937048 1484.937605 2405.358898 9.089128 0.125000 40.070663 
1523.186579 1572.062590 1533.166487 1580.312734 8.503829 0.125000 3.870610 
1779.902068 1668.533641 1789.214836 1685.008964 12.869187 0.125000 46.108340 
1759.371838 2277.886277 1741.841804 2278.118443 5.065775 0.125000 20.898225 
586.850208 1156.788858 606.649276 1151.090691 8.227060 0.125000 33.560332 
2011.795358 2471.347511 2064.461850 2473.473980 5.209390 0.125000 89.768204 
542.901934 1214.316648 549.863509 1193.712391 9.073741 0.125000 42.321416 
1756.099915 1477.564068 1783.941891 1501.136554 8.439690 0.125000 89.994767 
1633.103442 1403.971665 1658.165468 1402.632127 8.737528 0.125000 40.948025 
734.269341 1220.157760 725.598954 1274.370834 11.950436 0.125000 146.025466 
1559.383123 1524.375285 1559.822967 1511.846843 6.684727 0.125000 8.940250 
1802.584308 1666.022069 1794.309943 1654.754810 7.524811 0.125000 30.367098 
554.306880 1182.325770 572.737314 1169.518307 9.012200 0.125000 27.257961 
654.998406 2407.149620 645.736758 2428.174231 3.935696 0.125000 13.149539 
1719.686109 2413.248433 1720.793746 2388.022637 7.108947 0.125000 47.222204 
1870.499580 2479.768728 1973.304953 2473.647097 6.059704 0.125000 178.905967 
722.886121 1202.562235 733.043415 1220.811848 9.602893 0.125000 56.232033 
574.700817 1165.805857 586.608461 1155.512719 7.565318 0.125000 21.135329 
1842.175251 1650.712142 1827.654405 1667.547262 5.679271 0.125000 13.348412 
1730.588996 2455.901601 1735.324989 2477.920671 7.502981 0.125000 29.621709 
1722.926689 1427.918157 1757.669147 1476.154298 12.334598 0.125000 177.156787 
818.180650 2415.920517 856.925425 2414.525419 4.546961 0.125000 83.218744 
1620.927688 2452.695377 1622.288229 2437.819814 8.038084 0.125000 21.937511 
1509.710001 1545.151042 1529.153549 1536.757671 6.258555 0.125000 18.070158 
1790.385892 1684.236763 1807.397365 1696.624246 7.995677 0.125000 19.253291 
605.692838 1149.988502 616.742357 1145.311620 9.209049 0.125000 6.752842 
2120.095365 2484.308821 2191.500149 2499.847544 6.043873 0.125000 118.882025 
2001.359866 2469.535097 2010.960170 2471.394218 4.908804 0.125000 3.874060 
1719.227700 2386.989553 1720.578288 2359.251001 8.557275 0.125000 56.246349 
1784.493497 1501.790449 1802.386857 1526.867871 8.277882 0.125000 82.906228 
1783.867121 1641.710504 1781.968431 1662.000714 10.538812 0.125000 37.916837 
663.257178 1157.725121 687.284666 1165.667273 8.278114 0.125000 51.640499 
1608.177473 1413.296640 1633.392285 1405.588023 10.225633 0.125000 58.353320 
2063.982890 2472.957729 2119.719333 2482.326507 5.499783 0.125000 93.261735 
1974.182833 2472.183214 2000.885140 2469.842061 5.506167 0.125000 40.626309 
1838.015802 1674.360903 1834.441849 1702.045002 10.717916 0.125000 63.218008 
1819.714369 1723.769285 1806.836756 1730.552395 3.900415 0.125000 4.772495 
2191.757334 2500.444894 2274.629698 2509.559123 6.994465 0.125000 158.706379 
1804.066214 1701.182321 1790.792842 1693.828167 7.535550 0.125000 7.077020 
1762.361569 2276.860787 1761.081228 2345.633494 3.523324 0.125000 90.652698 
1718.830065 2438.208634 1719.453634 2414.311816 8.355742 0.125000 29.750676 
1779.370537 1568.904624 1792.966748 1604.906826 6.027203 0.125000 45.791674 
1813.470747 1674.306079 1802.573350 1665.962858 6.652954 0.125000 7.771154 
1505.930772 1564.613034 1519.366390 1573.138568 10.270429 0.125000 15.996516 
1673.028333 1386.847315 1654.385050 1388.257832 2.492875 0.125000 1.301446 
1779.875140 1661.905485 1779.415060 1669.453633 6.466572 0.125000 10.971545 
1794.780591 1654.277024 1786.594930 1620.390701 7.413338 0.125000 55.536559 
1801.295665 1601.338890 1807.877594 1609.572769 8.395686 0.125000 2.658583 
1809.528717 1609.374940 1809.542382 1644.374935 13.748047 0.125000 92.255757 
2293.086753 2512.306847 2430.615053 2524.487308 7.378518 0.125000 275.328327 
650.287083 2436.801854 656.050553 2410.175963 3.728463 0.125000 7.392989 
1490.408768 2451.842359 1488.480363 2464.617332 3.404875 0.125000 0.496759 
1739.926482 2277.113062 1729.012601 2290.325651 9.427383 0.125000 4.142846 
2275.534269 2509.432965 2294.280771 2510.733379 6.235017 0.125000 27.063351 
1807.769037 1648.912140 1813.683351 1660.335931 8.998459 0.125000 0.270110 
1682.904667 1406.211552 1706.598212 1415.111841 9.355305 0.125000 51.759418 
1784.316233 1684.398602 1784.496510 1694.395351 3.862082 0.125000 0.477458 
1658.889994 1402.990575 1668.534314 1407.183526 9.021202 0.125000 23.449086 
1827.614533 1581.093170 1840.523512 1593.303784 7.264848 0.125000 18.575669 
1819.959885 1703.060518 1812.501011 1691.011269 8.198944 0.125000 3.186954 
1492.224620 2465.703688 1495.471425 2451.277767 6.799258 0.125000 3.565444 
646.594105 2455.506791 635.963650 2480.767514 3.758831 0.125000 14.553866 
1504.364467 2890.597134 1483.970771 2898.305556 4.805779 0.125000 3.193967 
1514.010274 1549.353827 1498.333536 1553.851806 5.338416 0.125000 10.741358 
1858.953206 1590.367125 1827.085947 1576.819014 8.686159 0.125000 68.631392 
1713.352428 1416.536498 1723.300587 1427.696930 15.153335 0.125000 47.622389 
1668.384001 1406.572950 1682.132081 1407.843723 7.468165 0.125000 13.203815 
1760.607752 1471.549731 1776.944384 1470.683426 5.191562 0.125000 2.032838 
1822.752632 1618.351633 1807.257378 1592.892274 13.787347 0.125000 82.143898 
1853.898037 1618.706707 1860.480201 1652.391801 16.850862 0.125000 116.047446 
1817.058025 1657.845507 1822.442189 1637.291266 10.133731 0.125000 19.692729 
650.248683 2420.566146 644.756334 2455.684639 3.552736 0.125000 19.629844 
1820.681193 1639.165388 1824.699747 1624.463767 13.158999 0.125000 26.943794 
1670.379313 1402.567251 1686.294305 1395.556731 5.855802 0.125000 9.357740 
1734.974542 2284.033856 1728.021058 2348.249100 12.427354 0.125000 165.779066 
1823.080920 1548.200934 1843.075043 1559.807789 14.470527 0.125000 71.175421 
2057.482220 2965.245447 2051.857287 2961.091727 4.402741 0.125000 1.037555 
1792.410836 1581.114634 1783.383551 1567.947736 6.185783 0.125000 12.972916 
1799.852614 1528.802347 1822.714975 1547.870414 13.120587 0.125000 81.340657 
840.717288 2416.515485 852.174910 2419.456678 4.875436 0.125000 8.134514 
1491.824002 2470.637053 1495.939548 2488.050659 4.003431 0.125000 9.247314 
1517.633864 1563.460067 1527.984154 1572.044813 4.340857 0.125000 3.359966 
1689.830642 2358.015777 1687.212981 2436.969092 10.105367 0.125000 247.463536 
1500.383872 2490.678523 1494.537328 2464.338968 5.283315 0.125000 24.250804 
921.288857 2460.498675 914.369851 2424.138119 8.650551 0.125000 44.411785 
1843.133835 1556.421422 1861.901062 1556.786961 7.595947 0.125000 25.355195 
637.046685 1141.420609 646.955288 1128.479395 8.002091 0.125000 11.645605 
916.807863 2421.371569 966.964298 2425.881992 9.820956 0.125000 77.646541 
1835.006867 1702.711956 1832.197152 1715.419853 6.642331 0.125000 5.480971 
453.391646 2391.866780 453.486531 2409.373040 5.047351 0.125000 15.270923 
1493.993110 2499.371806 1493.606093 2545.639480 4.000802 0.125000 59.640972 
1861.805181 1522.517619 1826.836185 1526.537339 2.583478 0.125000 6.054920 
509.395850 2402.515006 460.617386 2400.847750 2.242339 0.125000 37.464362 
1693.899377 1642.164858 1686.313445 1629.717227 3.202203 0.125000 0.601403 
1808.990357 1593.782040 1794.064051 1580.987766 7.999308 0.125000 29.964015 
1840.697445 1594.877937 1849.842760 1611.066896 11.074412 0.125000 45.692868 
1865.863847 1579.063185 1894.097298 1605.977574 10.519028 0.125000 82.143898 
868.733792 2421.130398 827.840874 2470.389128 7.694185 0.125000 85.584330 
337.470593 2153.118035 336.579137 2236.871851 1.263233 0.125000 25.175022 
445.310070 2458.331921 453.951571 2419.281300 3.791341 0.125000 23.727450 
1497.664498 2534.385330 1498.090096 2501.858188 2.908637 0.125000 40.773514 
451.604486 2410.262835 440.938008 2455.045018 5.850060 0.125000 62.859355 
740.627616 1998.124380 734.120317 1970.685399 1.442218 0.062500 2.048225 
1823.112645 1522.915176 1870.595222 1520.119274 3.524342 0.125000 25.111698 
371.962848 1452.325251 383.270179 1450.119094 3.324977 0.125000 0.477458 
1500.809645 2613.250599 1496.869996 2540.625271 4.798409 0.125000 81.679476 
1869.173142 1567.892476 1890.900350 1583.253575 7.268207 0.125000 32.748656 
634.093194 2561.829676 627.664497 2601.800936 4.254694 0.125000 39.297211 
1826.694401 1624.924607 1823.443638 1616.463034 7.179104 0.125000 14.274374 
1641.588713 1005.183869 1619.234510 997.271937 4.660557 0.125000 16.577793 
338.123047 2395.723585 304.361534 2395.054859 1.596315 0.125000 10.971545 
1493.792393 2555.609793 1494.220699 2574.406998 2.641724 0.125000 8.619362 
1608.190006 994.829212 1590.548941 994.268662 4.560788 0.125000 12.554356 
1348.152309 2445.233093 1271.837356 2439.915219 2.115910 0.125000 29.115772 
1224.361057 2434.494430 1194.332535 2430.988740 2.130283 0.125000 17.532622 
337.511147 2238.114653 338.507803 2299.389105 1.747492 0.125000 31.830089 
632.228460 2594.437692 638.260784 2560.427374 2.619625 0.125000 22.623780 
1193.176033 2431.092351 1074.360657 2423.344971 2.547992 0.125000 65.776855 
1692.713377 2274.358842 1689.568173 2354.480721 5.486465 0.125000 138.328055 
1668.266777 1383.950550 1687.761785 1390.462387 3.955310 0.125000 4.440830 
1714.295252 1639.145742 1691.508758 1647.072143 5.492370 0.125000 11.645605 
1757.777280 2318.133682 1757.573393 2280.614412 6.351797 0.125000 47.585148 
705.929535 2118.136130 708.670251 2043.144927 1.568740 0.125000 27.063351 
1856.779430 1573.294786 1865.976323 1578.471561 6.809738 0.125000 17.768567 
738.016776 1945.362787 764.413407 1934.468054 2.054682 0.125000 6.454911 
1842.229702 1564.697220 1853.969553 1569.185512 8.344625 0.125000 11.374647 
2406.855092 2265.516364 2430.719935 2261.143051 2.130784 0.125000 1.565795 
1269.369601 2439.420353 1225.644036 2434.215095 2.098332 0.125000 20.911340 
1861.429775 1649.354096 1882.188417 1672.707520 11.003535 0.125000 77.301631 
298.251470 2395.515111 258.133451 2391.784124 2.142006 0.125000 15.148904 
336.567381 2410.513091 344.271015 2389.337171 4.486069 0.125000 20.337469 
1857.971815 1563.457746 1866.141303 1567.218718 6.109998 0.125000 2.387631 
475.628758 1405.571484 461.858887 1404.604438 1.947494 0.062500 1.521091 
1632.908516 2526.918259 1631.615814 2483.095772 4.116942 0.125000 59.080255 
1854.362884 1607.422191 1858.605749 1617.208509 4.739830 0.125000 3.874112 
1776.201855 1474.079356 1769.602014 1478.068591 6.865500 0.125000 7.324007 
756.865601 2415.759164 659.318928 2408.925382 2.485436 0.125000 61.200010 
256.925411 2391.308323 210.597241 2387.187041 2.047124 0.125000 30.682952 
297.832703 1893.197678 293.944273 1944.437172 2.225853 0.125000 8.926677 
1628.477787 2481.879628 1626.739866 2614.373227 3.880836 0.125000 148.563905 
624.016994 2671.730108 627.476439 2693.027304 3.670170 0.125000 14.981912 
1788.278167 1499.676509 1805.721624 1490.815204 2.812863 0.125000 4.038544 
461.940810 1402.918097 444.604366 1397.403884 2.491477 0.125000 2.181461 
1115.465987 1326.919686 1139.458046 1323.754486 2.736834 0.125000 0.082552 
1073.971974 1316.381966 1058.855164 1328.739069 3.602229 0.125000 11.563638 
438.200999 2578.134782 434.994907 2603.043900 3.240599 0.125000 27.365891 
1628.751813 1695.508841 1655.672341 1683.228781 4.569256 0.125000 47.967240 
1493.889021 2576.783046 1502.021945 2644.357314 3.826384 0.125000 78.327693 
1687.300279 1674.021654 1727.266850 1655.065686 5.776267 0.125000 55.014810 
1062.985410 1331.726465 1074.573501 1320.836221 4.664134 0.125000 2.090386 
1893.744640 1606.310373 1905.321589 1610.263546 8.684482 0.125000 1.793933 
1871.660305 1676.017880 1856.752681 1658.011131 9.794203 0.125000 43.011524 
441.925186 2456.716102 447.586263 2503.038076 4.935395 0.125000 46.297525 
641.120979 2491.761591 646.592286 2515.689644 2.890328 0.125000 4.962775 
648.821589 2529.367635 649.054430 2511.870734 2.699375 0.125000 0.496759 
1824.939105 1662.487825 1835.760167 1650.839355 3.793345 0.125000 4.867344 
1655.345196 1684.603083 1687.281289 1675.858872 5.583228 0.125000 41.277004 
2270.599863 2154.441550 2294.373151 2154.195979 5.128847 0.125000 4.628030 
1690.004466 1650.860846 1651.314128 1667.251677 5.346718 0.125000 41.979660 
519.375000 2303.125000 519.375000 2348.125000 1.250000 0.125000 15.486995 
1693.160579 2269.272697 1756.899345 2270.949684 4.340740 0.125000 59.957157 
1507.842273 2668.153869 1502.206862 2612.963478 3.958333 0.125000 55.031808 
1506.079341 2679.601020 1502.126464 2709.408348 3.792936 0.125000 8.613569 
1869.457806 1521.650302 1902.822467 1533.945936 3.827088 0.125000 22.995809 
452.398344 2554.688279 438.634297 2577.681608 3.852141 0.125000 16.741911 
200.636940 2386.668277 139.374721 2383.129827 2.040786 0.125000 36.183826 
642.332022 2548.379470 634.477479 2562.486061 3.636322 0.125000 2.728107 
764.408825 1438.500206 744.346496 1440.308812 2.265440 0.125000 3.874060 
1525.504606 1762.998298 1538.168248 1875.900561 4.760848 0.125000 153.870690 
293.275563 1975.617559 294.384768 1998.062744 2.235640 0.125000 1.565795 
1815.289525 1893.183821 1807.586328 1849.250278 2.526489 0.125000 14.207261 
630.413372 2698.122716 630.495884 2735.628034 2.549494 0.125000 27.022467 
1743.127539 2230.838185 1694.374823 2230.784062 3.797179 0.125000 46.407750 
2165.369270 2157.108699 2192.126815 2150.375740 4.551718 0.125000 21.540235 
448.889597 2485.651883 447.704847 2464.259812 3.606017 0.125000 0.565041 
888.906614 2437.113792 904.388367 2467.480911 12.402977 0.125000 39.669639 
1795.260697 1788.114586 1796.260388 1753.143163 2.749004 0.125000 16.385816 
2134.389946 2152.966506 2165.598167 2155.909543 5.941213 0.125000 37.620296 
344.366895 2344.374662 342.649510 2385.605194 1.250000 0.125000 10.399327 
2004.373572 2395.724520 2030.636102 2396.101442 2.715002 0.125000 5.155713 
855.491883 2457.075794 886.541044 2438.397773 13.941390 0.125000 98.171619 
1526.367129 1715.599890 1525.705858 1761.894010 4.249511 0.125000 60.355320 
1538.559827 1876.800986 1561.802408 2013.350124 4.771884 0.125000 187.464038 
1887.499543 1630.263167 1881.905399 1620.607388 10.077643 0.125000 14.718545 
1573.118617 1491.564668 1564.176439 1527.767199 3.896707 0.125000 14.369121 
1754.806532 1428.686104 1728.643492 1412.297282 2.898195 0.125000 4.560516 
305.072289 2133.427491 325.587218 2140.731125 1.989174 0.125000 0.496759 
630.076041 2685.721388 626.770150 2666.893410 2.678505 0.125000 8.334822 
1446.291823 1829.365057 1446.646153 1853.128412 1.548044 0.125000 5.553005 
824.080732 1571.445971 844.334902 1567.896211 3.046340 0.062500 1.593499 
1465.604617 2449.577973 1441.843184 2447.191832 1.617927 0.125000 0.477458 
1564.288090 984.792545 1548.214123 981.446822 4.385641 0.125000 2.090386 
2430.627036 2257.870653 2390.619594 2257.550407 3.839929 0.125000 23.727450 
648.325852 2507.186987 644.504474 2494.336498 2.881847 0.125000 1.345990 
1458.169639 1903.124833 1458.371290 1956.874076 1.343783 0.125000 9.879848 
1502.419338 2650.601551 1503.606420 2678.158109 3.531335 0.125000 2.857886 
713.173000 2901.544532 640.609723 2905.332332 3.930148 0.125000 48.256587 
1539.526231 1813.271438 1534.999386 1740.664005 4.915585 0.125000 106.478063 
1568.585665 2011.806959 1539.423748 1814.367800 5.323680 0.125000 274.822641 
1880.546473 1623.447112 1869.064662 1620.647986 5.745921 0.125000 8.298225 
438.939391 2608.084749 441.490686 2580.473986 3.598637 0.125000 10.607002 
1606.734289 1692.950970 1615.819323 1694.139071 3.556249 0.125000 1.037555 
1814.980938 1980.631271 1815.873669 1894.364638 2.978459 0.125000 38.707342 
441.914900 2531.092407 452.148165 2547.959269 4.046685 0.125000 2.470249 
1631.506003 2569.381828 1631.825683 2528.134306 5.067663 0.125000 31.768343 
739.683326 1683.228998 751.053459 1649.519518 2.039802 0.125000 18.906919 
1576.198162 1716.522107 1588.851331 1692.253698 4.623187 0.125000 25.969374 
1636.876641 1669.188755 1594.357910 1668.814017 5.363348 0.125000 73.494754 
792.985821 1585.296170 823.363567 1572.438649 2.345114 0.125000 5.983088 
1463.753816 1743.046653 1461.056887 1764.429472 2.011095 0.125000 5.952644 
1594.916459 2790.738136 1598.879488 2771.771464 4.638639 0.125000 16.093604 
518.142928 2399.376635 522.592560 2350.576452 3.844295 0.125000 42.471432 
1728.307364 1409.061401 1752.574035 1423.172914 3.165410 0.125000 4.124988 
1800.661776 1516.206915 1823.093804 1517.441718 1.946589 0.125000 6.456095 
1850.582718 1729.891333 1830.614263 1728.256119 4.145573 0.125000 17.497235 
1924.238681 1613.786003 1900.644956 1614.827209 5.270687 0.125000 24.182636 
2074.372623 2154.092135 2131.879066 2153.608969 5.346391 0.125000 82.520343 
645.926578 2533.191957 642.635275 2548.016271 2.711500 0.125000 2.215845 
1446.253648 1676.663006 1456.864537 1708.128528 2.024783 0.125000 4.532765 
1830.546320 1722.195851 1848.210231 1726.527433 2.970688 0.125000 0.746581 
208.117500 2380.757469 186.864855 2379.554190 1.954593 0.125000 2.215845 
516.302490 2475.783833 522.591859 2448.956955 3.517154 0.125000 12.185446 
1455.604454 1795.619208 1446.381216 1828.338172 2.034891 0.125000 7.604507 
1903.122774 2384.743530 1873.126122 2384.819274 2.559962 0.125000 9.959840 
2211.834969 2160.118182 2269.370951 2155.573732 5.738475 0.125000 53.762483 
1447.556984 1854.228723 1453.983476 1884.190868 2.267344 0.125000 3.390071 
1595.147632 1694.078889 1582.928129 1713.778255 4.612330 0.125000 11.154125 
268.154157 2900.465803 186.883100 2885.580776 3.724746 0.125000 58.159797 
1727.793502 1649.850407 1715.023034 1640.945644 4.411746 0.125000 7.604507 
2305.774471 2152.572917 2318.682043 2156.067523 4.826245 0.125000 0.282188 
1534.520803 1740.636437 1538.944427 1684.243172 4.642904 0.125000 53.758711 
1970.639903 2387.326578 1905.615894 2386.112842 3.865989 0.125000 48.173772 
1597.816174 2919.813561 1614.087916 2913.620689 4.507376 0.125000 9.558295 
2231.866593 2218.721743 2208.121306 2218.387230 2.640614 0.125000 14.855424 
531.785005 2240.688564 533.435212 2210.573503 4.291529 0.125000 14.841871 
1378.144435 2447.874161 1350.615990 2445.741285 1.448390 0.125000 1.345990 
1938.043765 1601.788532 1923.878530 1615.096551 7.067628 0.125000 25.137281 
524.021066 2274.571439 528.956699 2252.057328 4.080996 0.125000 14.764274 
626.567662 2601.864435 625.191238 2641.903060 3.404215 0.125000 22.695523 
1650.624820 1666.873573 1638.010001 1668.461328 4.960860 0.125000 2.136414 
459.499691 2359.131779 452.656336 2390.793876 5.943445 0.125000 31.797494 
2192.878779 2151.617585 2213.472047 2156.725957 4.834093 0.125000 8.601602 
1566.262775 1731.327001 1576.301529 1720.111690 3.627838 0.125000 4.772495 
1702.054105 2786.745304 1689.441075 2769.327153 3.142053 0.125000 0.838302 
533.338530 2209.399854 532.707997 2183.105025 3.718957 0.125000 3.565444 
1571.402853 1692.815204 1568.913620 1716.696618 6.552462 0.125000 17.171855 
1692.801525 2234.343527 1692.099735 2269.429500 4.974003 0.125000 74.397676 
1895.791284 1536.480504 1877.799654 1528.896859 4.245785 0.125000 9.742677 
297.821152 1826.868260 296.795082 1873.123227 1.998181 0.125000 3.233964 
529.266313 2251.854074 531.212183 2241.747386 3.682370 0.062500 0.952881 
1673.217404 2871.917098 1664.167909 2891.780653 3.109389 0.125000 2.862793 
358.471673 1962.930480 366.833982 1924.096995 4.098536 0.125000 35.901890 
624.304180 2645.621886 623.152074 2671.821222 1.631993 0.125000 3.086925 
1049.411488 2421.163418 1016.868860 2419.494739 1.696443 0.125000 4.038544 
1843.148916 2387.055495 1786.899091 2385.797656 3.413722 0.125000 41.886056 
185.621933 2379.431476 136.879918 2376.784435 2.061570 0.125000 7.097493 
182.779393 2887.200401 176.233294 2905.394114 4.188157 0.125000 0.884356 
291.550971 1888.113471 290.215213 1925.654896 1.565010 0.125000 11.849592 
628.369978 2643.136419 630.000563 2608.154159 2.904699 0.125000 11.640167 
966.365754 2427.575032 981.423925 2431.232249 9.387858 0.125000 18.708958 
1346.905478 2438.980231 1275.597984 2433.474930 2.011482 0.125000 34.407609 
1560.255569 2012.877311 1558.488513 2024.430599 2.355188 0.125000 0.134465 
1593.143720 1677.935225 1615.549002 1680.145409 2.365213 0.125000 2.263213 
1773.070596 2378.798955 1819.321922 2382.532523 3.838419 0.125000 32.961275 
1890.618455 2396.064457 1984.372436 2395.307439 3.699414 0.125000 72.324887 
1506.838013 2715.677745 1506.068773 2696.908042 2.241974 0.125000 0.496759 
1533.787775 1685.486199 1526.888794 1714.673720 4.158177 0.125000 13.348412 
1830.603529 858.861558 1845.627201 859.299505 4.039788 0.125000 1.123295 
338.347049 2210.638600 339.500514 2191.806127 3.106666 0.125000 4.177540 
659.391046 2913.072179 640.613104 2912.840902 2.699937 0.125000 6.459661 
1577.374652 2022.862823 1570.882367 2010.489955 3.846702 0.125000 3.211929 
2060.608172 1168.731327 2039.374528 1168.142014 2.811147 0.125000 4.867344 
681.094259 2223.005081 678.353043 2240.852021 3.516764 0.125000 4.532765 
1416.836089 2444.850484 1391.799172 2442.801599 1.254956 0.062500 0.702512 
1574.415933 1675.806940 1572.121619 1692.085929 6.014390 0.125000 4.342659 
1696.368780 2351.950206 1699.061415 2280.566021 6.174370 0.125000 117.354670 
1744.497659 915.494291 1751.970689 923.021068 7.090025 0.125000 5.198704 
1824.329776 1172.484123 1791.727498 1174.784738 4.283687 0.125000 21.146751 
2424.516992 2272.522455 2394.218954 2274.789752 4.740084 0.125000 18.708958 
1628.287805 2648.122652 1628.918835 2691.881578 1.682444 0.125000 8.281237 
1632.542576 2700.618487 1632.710294 2685.620363 2.583708 0.125000 2.404402 
2025.609191 2161.111892 2059.370598 2160.412485 2.939587 0.125000 25.307860 
478.140528 2290.092505 468.438325 2324.107832 4.816378 0.125000 35.706972 
1708.422879 2800.492353 1702.485762 2787.159656 3.175874 0.125000 7.729998 
1879.042363 1684.759041 1869.521580 1676.512603 5.289712 0.125000 6.786085 
251.896688 2384.100676 209.366049 2380.738224 2.260580 0.125000 16.385816 
664.364500 1700.797044 634.323817 1698.963639 2.799944 0.125000 10.156093 
711.848164 2910.133306 660.614332 2912.929542 3.087410 0.125000 27.849523 
95.533328 2375.311554 19.400979 2367.859584 2.201854 0.125000 27.586071 
335.625753 2389.336744 300.639293 2388.648475 1.766060 0.125000 13.402580 
495.952012 2235.702769 490.552982 2258.405145 5.442748 0.125000 16.061272 
1385.567850 2442.574505 1354.322163 2440.021722 1.880980 0.125000 1.343481 
1468.514137 1767.963275 1476.028193 1727.965916 3.000301 0.125000 14.267905 
1475.420421 2106.832385 1479.673225 2086.416355 4.589188 0.125000 6.806706 
499.087618 2209.342380 496.814529 2229.368136 4.263197 0.125000 2.658583 
384.093507 1450.224694 408.106782 1458.179991 2.751695 0.125000 4.174989 
490.081240 2260.450987 480.327444 2290.929800 3.905008 0.125000 12.168602 
639.442346 2905.021099 592.934348 2899.834606 3.860884 0.125000 50.953222 
1674.063594 2906.722264 1687.602397 2879.118678 2.944696 0.125000 20.911340 
1701.594935 2361.878294 1701.378494 2425.619069 5.080617 0.125000 71.163374 
2296.979256 2266.142619 2319.569877 2261.592541 4.416609 0.125000 3.565444 
297.799857 1875.613198 297.209167 1891.887129 1.747928 0.125000 4.649915 
357.860622 1980.577699 360.105245 1968.032008 3.251085 0.125000 1.301446 
1469.870235 2154.096004 1473.477694 2128.174083 4.122773 0.125000 12.916826 
1474.568711 2338.270973 1469.173502 2299.230103 4.187626 0.125000 19.661325 
2348.272080 2156.072644 2362.165086 2151.507888 4.750168 0.125000 1.321363 
341.679046 2283.136033 340.057451 2254.336574 3.462983 0.125000 8.601602 
574.333908 1264.647256 588.331042 1266.759872 2.961794 0.125000 1.301446 
698.189032 1702.097253 665.581965 1700.065737 3.194714 0.125000 18.350044 
1452.352656 1885.621332 1452.097385 1939.370120 1.481513 0.125000 5.969784 
1479.754122 2085.657269 1480.934026 2071.794908 2.820095 0.125000 2.215845 
1595.100199 2335.621870 1594.913758 2366.878214 2.686355 0.125000 13.385140 
2390.709494 2132.744710 2405.689545 2131.289371 3.349168 0.125000 3.014947 
523.612551 2299.361267 523.973080 2279.345246 5.089235 0.125000 10.607002 
1734.185463 2479.282233 1737.143901 2513.101477 3.082145 0.125000 22.931340 
2374.315054 2272.839627 2356.804996 2271.751481 5.695253 0.125000 8.318862 
299.525157 1854.382208 301.446514 1814.354432 3.156374 0.125000 18.071120 
639.350241 2913.430654 618.037576 2911.704267 3.097376 0.125000 6.952401 
1688.916874 2876.588900 1701.409689 2856.584413 2.786825 0.125000 1.829433 
1883.130597 409.285583 1870.523507 408.496461 5.380679 0.125000 3.153981 
1899.150481 1636.411895 1896.312401 1645.448304 4.326797 0.125000 4.177341 
340.823161 2254.369167 339.535476 2210.620277 4.115211 0.125000 35.043043 
405.554484 1453.325643 383.573015 1445.600240 2.837136 0.125000 7.470085 
1488.099079 2038.169883 1487.744653 2028.094408 3.791626 0.125000 6.456095 
1676.578090 2763.030662 1671.790664 2778.098204 2.059869 0.125000 0.634220 
276.973037 2040.660152 278.383033 2086.867126 1.973807 0.125000 3.079202 
299.634458 1899.379905 300.366734 1860.643748 2.853944 0.125000 12.185446 
367.599680 1923.145821 366.159300 1886.804280 3.537629 0.125000 12.168602 
435.765103 2600.581406 434.633753 2629.385163 2.547133 0.125000 23.787516 
1508.736960 2848.072777 1506.687731 2873.109672 2.899546 0.125000 2.639757 
2409.320311 2156.348126 2426.908782 2157.678309 3.058476 0.125000 3.934040 
344.502688 2389.305920 347.420049 2341.908548 3.109626 0.125000 34.259750 
530.457533 2183.706440 521.680705 2169.494994 2.972280 0.125000 0.746581 
1474.038347 2127.981081 1475.847861 2108.031832 4.750937 0.125000 13.956024 
153.117183 2393.255944 170.629394 2394.301389 3.221906 0.125000 0.325460 
211.837037 2898.386138 183.148188 2894.215493 2.473994 0.125000 5.537100 
613.080439 1693.281607 564.309558 1695.269255 2.932470 0.125000 33.893437 
1463.335401 2320.588488 1471.803740 2369.387366 1.709801 0.125000 10.741358 
1507.407316 2829.320375 1509.210449 2846.891886 2.359339 0.125000 0.496759 
2055.552233 2439.929175 2078.067441 2437.574602 3.469637 0.125000 6.770130 
1464.871791 2125.684392 1460.251637 2164.330364 1.740415 0.125000 2.365316 
1464.212359 2260.613778 1464.867781 2178.109055 3.650584 0.125000 55.783509 
1467.169266 2283.211206 1465.125899 2260.557270 3.500530 0.125000 7.252195 
1650.998293 2903.979574 1620.302997 2917.387844 2.923589 0.125000 6.649036 
329.388765 1571.878429 322.866299 1598.060553 1.523641 0.125000 0.447293 
533.119404 1700.408870 614.347312 1698.305653 2.272676 0.125000 52.710310 
1461.949524 1983.126685 1461.186929 2016.859445 2.273350 0.125000 5.753292 
1630.224564 2634.369415 1631.113782 2570.614383 2.674083 0.125000 21.742740 
2313.075832 2223.586609 2290.433290 2221.174840 3.912717 0.125000 10.381315 
1460.195584 1956.853466 1462.011961 1920.631868 3.498529 0.125000 7.659592 
1569.324470 1716.847951 1563.529986 1727.672663 3.271041 0.125000 0.447293 
340.175007 2179.386609 340.574501 2151.856128 2.771789 0.125000 14.141408 
1273.145695 2432.908249 1251.851124 2430.875068 1.957190 0.125000 0.496759 
1889.861235 1582.630950 1899.940321 1592.550593 2.658613 0.125000 1.518938 
2060.617069 2155.518258 2073.233174 2154.580831 2.049940 0.062500 2.494579 
2133.154809 2184.706849 2116.812109 2186.174864 3.272808 0.125000 7.324007 
2355.448928 2271.325673 2337.762663 2276.994549 4.471344 0.125000 2.032838 
304.815024 1796.964401 308.134364 1780.626903 2.220499 0.125000 4.649915 
1466.172836 2176.986683 1470.042251 2158.006199 2.198386 0.125000 0.496759 
342.230012 1563.235264 348.799306 1542.084435 2.468932 0.062500 0.752631 
503.779297 2533.985310 512.700739 2520.347462 2.493099 0.125000 2.215845 
522.960988 2323.227397 521.417141 2301.908156 4.281905 0.125000 11.169397 
646.878321 1704.282047 695.655373 1706.024979 3.123328 0.125000 21.825641 
2114.423425 994.490067 2096.875071 1001.875169 2.951461 0.062500 2.196717 
2288.224239 2222.134976 2264.462398 2219.753108 5.221442 0.125000 16.776053 
561.881602 1696.095716 493.127818 1696.359503 2.495186 0.125000 33.007589 
336.088626 2310.588951 338.808703 2345.571839 1.814172 0.062500 2.213956 
491.852691 1695.854555 439.362519 1690.753431 2.800203 0.125000 22.202281 
560.911193 1338.136216 561.011641 1324.377823 2.572940 0.125000 0.634220 
560.742871 1356.890625 560.500923 1339.359461 5.189270 0.125000 3.531588 
1800.310974 1851.715390 1806.737007 1889.398532 2.015623 0.125000 4.670110 
857.214017 2464.757329 865.835566 2457.112467 4.570400 0.125000 1.565795 
1611.827442 1015.200127 1629.387265 1013.234577 3.318783 0.125000 5.612820 
113.106578 2389.632922 130.606580 2390.882885 3.027984 0.125000 0.922744 
350.555931 1531.861278 355.524099 1506.854953 2.192262 0.062500 1.769367 
688.170171 2164.567710 684.503893 2189.208190 4.445020 0.125000 13.175580 
997.009084 2436.152953 1017.239933 2439.909827 8.374699 0.125000 29.114701 
1597.396114 2511.834050 1600.445468 2550.639108 2.688166 0.125000 12.144614 
331.119513 2159.362116 330.351591 2204.391655 1.838900 0.125000 18.023072 
439.468132 1694.748305 480.651741 1699.123275 2.936744 0.125000 24.841587 
927.159547 2478.621949 922.381772 2457.322102 5.551281 0.125000 35.375880 
2061.896330 2185.915322 2040.669073 2187.474879 2.401690 0.125000 3.874112 
623.040210 2934.491291 650.589258 2936.200940 4.129920 0.125000 31.955038 
1468.766828 2295.540650 1467.270999 2284.158681 3.218746 0.125000 1.518938 
1504.309511 2901.520301 1521.898270 2902.806873 2.763580 0.125000 1.431107 
1878.966610 1558.750596 1887.962866 1564.623366 4.506729 0.062500 3.085102 
1564.956248 1529.403990 1566.148480 1556.906495 2.335244 0.062500 1.227659 
1631.926485 2664.379154 1631.831153 2636.875152 2.538979 0.062500 2.443248 
2020.796840 2202.170309 2033.395208 2194.839357 3.418158 0.125000 2.263213 
713.106161 1720.622233 710.716884 1736.888496 3.346874 0.125000 3.211929 
311.950507 1744.392022 318.152249 1716.881143 2.199102 0.125000 0.282188 
986.376518 2434.165981 996.703548 2436.412981 8.923102 0.125000 7.561390 
522.618587 2348.145787 523.247095 2325.663358 4.097843 0.125000 6.736682 
1618.064038 1680.151003 1648.208473 1676.274023 2.196509 0.125000 0.555906 
88.108632 2387.100079 106.940844 2388.469544 2.312097 0.062500 3.646527 
287.404717 1974.370992 287.631671 2004.369275 1.429641 0.062500 0.876426 
338.335671 2348.140770 336.560779 2371.851479 1.250000 0.125000 0.134465 
481.900605 1699.007817 515.660772 1701.362009 1.914863 0.125000 1.579762 
724.379247 2416.812313 745.616461 2418.251041 1.213560 0.062500 0.134465 
330.468556 2205.614818 330.701425 2230.624288 1.250000 0.125000 1.037555 
942.595155 2519.424050 943.115166 2511.789193 3.286214 0.062500 0.362561 
2248.110272 3152.604545 2226.868929 3152.175718 1.577739 0.125000 3.086925 
296.868760 2902.063716 269.357507 2901.154064 1.579784 0.125000 8.262275 
1788.193959 1750.625552 1787.973903 1778.123791 1.259963 0.125000 2.843735 
2114.451192 1158.492721 2103.167617 1160.830678 2.330230 0.062500 0.134465 
