476.874958 449.142125 298.124963 449.174707 2.531443 0.125000 194.577674 
609.374893 449.142508 535.624909 449.176448 1.282214 0.125000 39.779818 
294.375749 449.140120 241.874855 449.178832 1.287789 0.125000 24.427288 
700.624493 449.174253 655.624780 449.287904 1.357333 0.125000 17.202568 
755.624778 449.167512 701.874840 449.225008 1.304821 0.125000 24.427288 
79.359431 449.628362 61.772217 448.547626 2.648629 0.125000 1.237603 
732.964209 439.372484 746.806475 441.156648 3.598044 0.125000 0.952878 
505.625036 449.350343 488.123234 449.324584 1.275755 0.062500 1.302110 
629.371254 449.030367 610.623469 449.234160 2.649310 0.125000 5.703214 
733.120876 430.891544 749.375832 430.823387 1.312883 0.003906 10.196079 
106.865823 449.545234 91.774908 448.731712 2.630950 0.062500 0.836455 
750.837342 429.376000 750.826498 418.124806 1.260842 0.007812 0.804939 
717.799573 422.295480 731.945196 438.062021 4.843384 0.125000 8.588730 
241.718799 449.021962 227.950966 446.624365 5.783680 0.125000 9.746331 
748.129118 437.843327 735.613519 437.660362 2.591092 0.125000 1.506999 
729.417482 413.216594 740.584335 408.037324 2.858987 0.125000 0.573201 
160.627975 449.195221 108.124906 449.341160 2.579904 0.125000 30.471101 
726.767408 429.369369 727.423208 416.838273 2.888551 0.125000 1.509067 
757.205082 421.982247 753.540804 433.260099 2.793953 0.125000 1.402721 
379.712425 213.236297 368.319483 247.776846 3.965259 0.125000 33.435978 
752.428183 412.858253 756.558940 421.424650 2.794798 0.125000 1.850038 
735.620455 418.268749 746.898702 418.625319 1.604875 0.062500 0.043858 
29.376732 448.704953 0.623255 448.790819 3.835838 0.125000 5.129177 
461.239755 143.330368 466.500610 127.582349 5.138440 0.125000 7.783977 
90.791160 448.455949 80.640534 449.522796 1.985115 0.062500 0.127816 
324.737352 369.504158 296.731641 448.073901 4.103751 0.125000 116.356514 
749.375853 416.374379 734.373767 416.348825 1.275548 0.007812 4.219439 
264.170313 179.233264 243.827375 208.611361 4.981292 0.125000 27.879620 
60.669390 448.119989 43.191256 447.501782 5.217802 0.125000 28.961114 
429.480060 362.790980 449.110650 368.965453 5.385230 0.125000 16.697334 
134.317822 272.156591 147.054145 274.742747 5.416190 0.125000 11.946701 
164.792520 261.520901 149.220700 257.467817 3.943947 0.125000 5.101515 
237.885414 134.243700 270.495922 141.227707 5.062262 0.125000 41.833538 
732.323427 418.115535 732.386198 429.379117 2.555689 0.125000 2.753128 
324.825088 350.518384 325.771879 365.615789 4.055594 0.125000 6.454132 
637.769917 337.064906 631.701285 325.717906 5.870506 0.125000 8.967686 
141.608973 166.617416 126.229991 182.500461 3.791570 0.125000 19.407872 
535.761139 227.845651 562.905926 241.074526 5.817401 0.125000 31.458679 
650.413062 421.038426 701.653847 447.306401 4.935304 0.125000 55.755713 
635.884380 378.894444 716.645111 422.485031 4.188245 0.125000 97.033426 
369.197814 166.206749 389.590396 172.417796 5.353606 0.125000 14.493438 
479.968137 428.064180 478.110802 448.123685 5.324442 0.125000 18.528533 
358.045885 163.421572 368.859786 166.306341 4.831057 0.125000 1.727632 
457.995731 214.754610 466.242124 217.562757 3.600920 0.125000 2.753128 
471.094174 387.901172 479.771291 406.089607 5.744443 0.125000 14.042802 
485.762298 360.271447 475.385499 356.241732 4.660889 0.031250 3.867176 
109.633304 405.950129 68.965257 394.592109 4.371124 0.125000 44.995402 
109.315247 273.079893 133.129897 271.981149 3.054691 0.125000 15.085392 
279.361643 143.202471 294.347213 145.786164 4.884838 0.125000 5.882697 
330.319789 297.866596 362.818828 307.869718 4.229621 0.125000 23.929444 
369.606166 426.946938 377.361360 402.026353 4.561271 0.125000 33.838531 
48.530678 147.367634 15.055779 174.933768 4.086363 0.125000 45.870048 
556.545170 414.040151 567.062775 415.642358 4.754727 0.062500 3.064341 
479.969612 406.873739 479.943138 420.630904 4.997585 0.125000 3.459858 
467.990665 217.071139 488.597710 231.184807 4.238015 0.125000 23.320271 
162.255199 324.607798 146.349738 350.584143 4.264141 0.125000 34.108970 
315.344524 329.504169 324.693328 349.804067 4.287498 0.125000 19.752375 
550.200334 255.587118 569.757972 261.947371 4.696913 0.125000 19.752375 
284.229970 294.854790 235.753086 280.201266 4.035485 0.125000 44.975858 
46.459287 59.901978 31.405052 68.557651 3.711534 0.125000 1.673687 
181.875091 448.908927 161.874946 448.911252 5.001163 0.125000 3.951424 
435.415746 187.421671 445.807104 191.399258 4.669596 0.125000 0.952878 
540.567542 372.008923 575.561611 387.022746 5.262112 0.125000 48.208098 
102.944393 233.749710 137.092653 243.622151 5.554630 0.125000 40.080318 
220.356617 130.882576 234.115623 133.331989 5.715089 0.125000 5.992002 
395.626647 180.619113 324.035473 160.588498 4.952261 0.125000 75.600937 
495.442277 353.674280 511.196365 358.915028 4.347412 0.125000 0.832457 
567.694265 415.542455 585.127151 421.974358 4.258226 0.125000 20.190654 
429.508791 341.487596 404.087260 332.708174 4.640883 0.125000 19.794132 
570.468408 262.051446 579.007942 269.630113 4.253791 0.125000 2.034126 
575.654768 388.050833 614.858139 403.785639 5.342556 0.125000 50.608425 
267.071218 144.702983 231.806239 137.198102 3.902861 0.125000 38.348163 
399.349895 320.703730 437.006872 332.711439 5.316494 0.125000 44.693597 
442.054228 345.069527 432.668111 342.041013 2.839246 0.125000 1.850038 
437.764834 332.969869 463.292029 341.367248 4.718443 0.125000 27.253383 
496.708242 364.818768 486.027070 360.805030 3.474030 0.125000 2.342960 
145.730597 351.559850 109.887756 406.393086 5.435458 0.125000 77.836254 
239.880548 235.143975 343.213353 265.322476 4.555532 0.125000 128.300699 
92.235422 58.021516 73.978116 70.021145 3.790785 0.125000 8.724910 
323.072290 160.754712 311.236907 155.945255 4.378439 0.125000 6.619324 
581.903291 250.565554 607.621995 262.805393 5.534736 0.125000 25.347395 
582.754379 421.812135 599.173364 432.809851 4.849840 0.125000 25.287224 
158.651944 280.060370 166.715757 288.281202 4.461822 0.125000 2.261664 
462.695868 351.903037 442.836331 345.234712 2.802566 0.125000 17.485327 
499.170558 211.119994 512.680986 216.700047 5.575699 0.125000 7.962583 
132.892139 253.886149 118.476537 249.475936 4.317312 0.125000 3.803941 
446.578315 191.495677 469.408978 199.275286 5.539130 0.125000 21.099746 
494.544095 253.153816 491.918892 268.558519 6.791152 0.125000 8.513143 
146.923855 274.441472 158.729448 280.742509 6.914145 0.125000 12.579129 
343.184116 65.328060 319.382074 60.589465 3.184077 0.125000 18.468992 
410.573921 361.668769 430.587164 362.648157 4.383042 0.125000 20.244221 
137.925883 244.039799 163.353662 249.574464 4.727617 0.125000 29.180718 
329.323610 177.393978 347.021409 179.146448 3.596407 0.125000 15.088542 
106.974952 246.364803 96.872901 244.385714 3.416406 0.125000 4.155973 
266.729359 311.385565 300.901845 317.929261 5.511575 0.125000 36.758915 
450.218669 369.953814 463.294699 379.133266 5.115374 0.125000 18.572832 
490.392654 137.931881 488.408497 153.161934 5.442554 0.125000 6.294194 
225.826833 148.233806 258.412926 153.997025 4.412901 0.125000 24.205825 
309.742884 302.079547 301.503668 299.180252 3.603020 0.125000 4.559308 
363.704154 447.049702 369.996623 426.189576 3.857216 0.125000 29.513107 
357.980782 182.168409 371.017570 188.576323 5.609054 0.125000 2.582011 
424.073925 183.894367 435.291113 188.283962 2.950655 0.125000 1.402721 
503.190610 219.200329 446.489164 197.902202 5.548186 0.125000 77.494902 
199.309580 259.620465 215.415048 263.912775 5.797074 0.125000 2.571114 
745.676025 441.791458 755.739309 447.937845 3.436626 0.062500 2.840788 
300.990656 299.235059 284.562258 294.913191 3.435013 0.125000 15.702537 
593.766993 282.910351 598.780688 297.905772 4.345603 0.125000 11.819979 
226.877740 449.256956 208.124824 449.302343 1.277225 0.125000 0.043858 
479.774211 203.242753 493.899663 208.223154 5.131131 0.125000 9.275045 
564.669815 393.674365 522.921938 376.107581 5.036521 0.125000 43.321854 
344.555552 312.585880 334.058396 309.070363 4.355378 0.125000 8.256362 
206.842443 272.011307 194.452185 269.051854 3.302793 0.125000 5.737598 
480.145897 152.771934 471.260363 148.025668 3.601762 0.125000 4.155973 
484.050724 312.165187 574.151063 349.909565 4.222373 0.125000 103.137627 
398.199290 80.345106 377.108034 74.747024 3.132212 0.125000 12.561935 
163.287187 72.079395 182.096544 57.154200 2.344382 0.125000 2.506488 
310.164798 326.120061 315.646286 331.854653 5.421596 0.062500 1.872836 
314.314877 150.813579 334.640036 157.293705 5.954682 0.125000 16.870165 
113.067352 191.210825 89.423302 188.884146 4.731137 0.125000 18.528533 
273.216731 281.524436 295.499385 287.355059 4.577146 0.125000 16.965303 
343.660244 159.703394 357.801190 163.188769 5.470112 0.125000 2.248004 
491.512763 156.581128 480.846573 152.540155 3.767478 0.125000 0.218417 
183.162750 265.422560 173.048274 263.536455 2.915925 0.125000 1.506999 
373.551763 190.367351 382.525966 205.231994 5.350511 0.125000 13.357710 
146.498906 63.850041 128.659078 76.630925 7.128177 0.125000 36.225695 
324.203095 306.193491 312.057682 302.520868 4.897054 0.031250 3.348712 
378.290129 66.297817 369.210449 63.700163 5.494785 0.125000 5.087548 
203.247624 127.406693 219.659507 130.208420 5.139046 0.125000 5.865563 
225.652833 46.492677 215.623056 46.814406 3.242658 0.125000 2.266628 
563.354798 241.324840 576.808059 248.363903 6.593894 0.125000 11.369906 
492.798270 269.222176 489.522600 303.018150 4.373724 0.125000 42.587148 
320.436972 57.858198 339.217273 61.449758 3.448455 0.125000 11.723853 
168.155335 251.731854 178.232571 253.867391 4.705095 0.125000 4.123156 
224.213978 119.186669 164.265889 110.094399 4.867232 0.125000 48.583310 
258.835695 154.767859 269.441198 169.326778 5.138837 0.125000 9.576673 
465.601573 341.940352 496.072590 352.863408 5.461594 0.125000 29.957920 
574.431795 350.503394 635.257645 378.911558 3.858356 0.125000 77.990834 
228.018106 444.700057 172.821239 426.548714 3.968795 0.125000 40.483819 
302.301185 321.168031 310.376993 326.036402 5.147623 0.125000 1.237603 
295.833680 287.421473 329.921490 297.532611 5.646977 0.125000 26.732580 
528.314367 225.070457 536.532856 227.876935 4.356692 0.125000 1.418695 
206.875016 449.371727 183.119369 449.253162 1.318610 0.125000 2.753128 
593.099719 261.930300 570.235278 251.477475 4.125006 0.125000 26.245457 
444.142724 298.788426 483.339657 312.511896 3.539341 0.125000 32.042846 
472.857630 122.426269 483.928448 127.795710 3.919578 0.125000 2.034126 
556.688920 244.802677 539.230679 237.206700 7.375950 0.125000 11.172084 
379.311355 72.093887 396.787653 77.175403 2.902863 0.125000 8.256362 
68.526091 394.230856 41.957789 386.587235 4.821768 0.125000 15.892332 
581.295191 268.602074 593.087791 282.934132 4.203070 0.125000 17.663161 
618.271573 416.552510 592.843123 404.995187 5.068595 0.125000 24.421145 
197.949958 223.760313 222.585073 230.547796 4.033308 0.125000 20.886728 
383.065202 314.542623 399.776258 320.504151 4.454661 0.125000 8.191863 
598.676913 432.443606 611.007267 447.581786 4.845918 0.125000 22.827522 
368.214904 93.965760 358.151375 91.754940 3.901756 0.125000 0.832041 
538.867156 236.651515 520.890791 227.597296 3.406581 0.125000 10.863770 
612.565498 199.139413 605.429236 189.817909 4.264628 0.125000 2.034126 
345.634274 266.846767 408.347795 287.446735 3.311033 0.125000 88.153392 
439.310306 212.476673 457.008900 214.379689 4.530314 0.125000 14.068944 
531.012097 431.121646 554.706319 412.653834 8.974571 0.125000 55.074468 
667.128758 317.963235 684.855953 345.771556 4.585371 0.125000 30.352007 
444.768036 198.417240 437.470963 195.422742 3.676543 0.125000 0.626023 
490.287920 234.046198 497.126778 253.034318 5.690904 0.125000 14.042802 
179.092391 55.897339 195.922633 59.021731 4.687854 0.125000 1.170932 
404.769144 333.243088 381.596713 325.174191 4.310863 0.125000 13.163540 
451.609188 77.683352 471.512262 84.228110 3.594418 0.125000 15.149783 
50.604259 88.837330 65.678267 88.255842 1.872213 0.062500 1.776116 
535.685114 129.256706 548.143847 135.587913 2.246951 0.125000 3.656218 
579.534006 400.282236 566.384529 394.182296 3.565570 0.125000 8.256362 
685.548121 349.155874 689.058766 367.950583 5.603543 0.125000 13.918455 
488.594108 301.718164 413.221612 276.585265 3.162030 0.125000 50.939961 
474.244730 355.984873 464.203087 352.349912 3.302702 0.125000 5.040691 
689.483630 368.097961 697.391683 399.868668 5.175030 0.125000 37.082086 
236.741160 269.797385 272.923079 281.262242 5.521599 0.125000 36.030155 
350.158791 179.742046 357.748676 181.930280 3.949517 0.125000 3.656218 
569.427313 251.782945 557.293950 244.887777 4.964690 0.125000 1.990317 
254.254036 32.354697 278.062430 34.019708 4.726205 0.125000 20.887819 
599.074211 303.033118 604.047097 354.406741 4.535766 0.125000 53.958265 
525.186301 365.332207 539.390132 371.841984 3.835074 0.125000 6.249861 
410.248839 288.060668 418.919285 290.811423 3.138957 0.125000 0.626023 
478.918628 107.495434 453.834918 96.904088 3.914917 0.125000 9.633168 
287.954729 148.963079 267.303206 144.767353 4.363339 0.125000 15.266449 
387.810122 94.121069 396.483656 96.862956 3.765686 0.062500 1.218992 
86.710751 331.659114 105.023111 317.726869 5.255038 0.125000 23.478246 
230.748362 137.492872 221.849395 135.756206 6.613131 0.125000 1.055679 
211.801370 52.596773 220.587453 53.493064 2.994522 0.062500 0.172771 
495.160625 197.354859 458.605752 183.138804 3.753881 0.125000 23.732389 
694.356365 293.149863 709.359905 304.395140 5.251731 0.125000 7.143550 
634.358318 303.323255 648.220531 304.489648 4.156024 0.125000 1.511663 
719.462441 421.722658 678.180781 398.027818 2.630074 0.125000 17.789658 
576.326320 153.028498 542.096375 135.199971 2.725706 0.125000 19.086291 
0.284649 425.544019 19.582461 431.162422 4.299347 0.125000 29.185937 
44.092198 385.155335 77.557783 343.675868 4.610158 0.125000 60.774566 
234.285608 61.630466 242.966989 62.402290 3.663745 0.062500 0.145596 
50.341248 223.907191 58.571928 226.892995 3.980309 0.125000 2.266568 
256.917955 185.453010 234.269721 179.796530 5.762048 0.125000 20.620232 
164.193682 39.006286 149.656312 46.155153 5.664009 0.125000 0.261433 
170.705639 296.690538 171.524753 308.150035 6.234095 0.125000 12.098555 
402.749656 61.686544 413.928060 65.639034 2.839002 0.125000 0.540732 
411.794989 102.122564 423.844368 106.016842 5.142104 0.125000 4.077659 
535.671819 155.520874 525.950980 151.150016 3.137219 0.062500 3.086841 
737.166359 406.118337 726.468355 412.436458 2.347621 0.125000 2.753128 
577.509514 134.269255 597.193347 144.857043 4.912112 0.125000 11.518054 
250.748339 242.680224 195.491303 227.357128 3.137807 0.125000 37.256396 
498.600467 389.412681 499.698971 375.551611 3.639525 0.125000 13.921080 
605.304049 268.785233 593.227322 262.914512 4.292530 0.125000 3.035816 
649.149796 304.670373 666.243487 317.703280 4.311199 0.125000 18.935386 
506.576614 243.285984 507.869371 225.606308 4.810820 0.125000 0.870118 
118.111084 205.685239 196.983276 223.906313 4.027594 0.125000 84.667136 
354.483133 212.768448 339.705066 208.286654 3.843502 0.125000 19.008748 
117.529805 408.301113 109.338270 422.376135 4.950174 0.125000 7.203391 
118.176603 249.165655 107.877989 246.627089 5.436007 0.125000 0.311363 
609.050862 301.928511 603.628877 269.085456 4.706255 0.125000 33.485769 
339.363192 208.182167 326.631786 205.552518 3.885248 0.125000 8.256362 
438.069107 299.590572 420.760398 295.102790 3.898787 0.125000 20.661414 
339.238261 268.610193 314.119622 261.531162 2.898492 0.125000 4.946109 
622.896842 269.724708 688.511139 312.533148 4.685625 0.125000 115.570157 
418.507333 290.519475 442.140072 297.185211 3.053966 0.125000 16.823974 
190.240312 430.420738 217.516230 379.051755 3.556238 0.125000 53.991557 
459.602537 97.468242 479.392475 104.324561 2.408740 0.125000 0.182509 
591.358062 168.027274 598.387489 220.756646 3.138381 0.125000 40.611267 
191.874099 226.879038 177.979094 223.778974 2.712201 0.125000 3.999211 
243.347780 249.598938 219.111890 244.336812 4.034410 0.125000 29.529554 
640.674465 254.304899 655.399132 264.695093 5.526688 0.125000 8.271525 
0.606794 88.760654 40.645718 87.574098 4.775640 0.125000 61.043265 
121.520259 89.815910 136.892638 93.040925 4.320263 0.125000 1.587803 
222.710024 230.900986 239.423655 235.446081 3.840746 0.125000 8.858652 
500.383211 134.964899 511.769657 139.632007 4.152374 0.125000 2.034126 
179.361889 43.693420 161.820291 44.030844 3.725266 0.125000 1.361868 
480.246720 117.719926 487.426798 120.934503 2.172635 0.031250 1.084509 
138.428062 214.244545 116.846130 209.506502 3.126695 0.125000 3.153385 
171.009824 308.605273 168.882239 315.847459 5.149602 0.125000 3.116804 
453.080520 242.192138 425.595237 238.337208 5.147708 0.125000 29.102136 
414.780283 251.671900 420.451795 228.083356 2.922161 0.125000 8.261770 
170.662065 76.524431 191.807851 78.760116 2.486143 0.125000 5.784967 
100.412784 176.469335 121.717606 165.324131 3.271556 0.125000 10.291883 
221.761285 135.409322 205.569570 133.629182 6.212567 0.125000 7.143550 
759.245619 419.460004 750.871012 406.713369 2.806047 0.125000 0.218417 
294.392540 80.453712 308.126532 81.860044 2.966504 0.125000 0.832041 
224.124730 365.313904 235.228029 356.381548 5.675106 0.125000 2.215070 
631.133081 448.072652 629.335837 430.629035 5.832754 0.125000 20.263664 
657.137620 362.960479 640.185501 335.900329 5.552051 0.125000 36.233462 
233.128599 180.901775 226.869439 180.878628 2.523096 0.015625 7.268578 
610.810901 372.754845 594.324736 364.475083 5.058980 0.125000 3.588976 
156.863587 56.396768 165.611674 56.526137 3.786556 0.062500 2.393122 
308.053035 278.363541 322.838641 282.824187 3.723992 0.125000 4.645049 
390.166155 172.243519 404.573183 177.591068 3.914761 0.125000 4.075512 
547.933968 117.206779 569.298419 129.508003 4.201887 0.125000 12.411219 
493.924473 208.221263 499.643220 212.184025 7.273034 0.125000 1.474402 
343.656314 45.503695 354.701212 49.783058 5.376252 0.125000 10.052774 
443.985312 113.157047 457.615824 117.300151 4.573097 0.125000 3.315964 
467.992079 129.639887 480.984125 136.159331 2.811194 0.125000 8.171668 
497.221940 415.635598 497.947898 391.869590 4.129900 0.125000 22.507597 
688.396278 335.007034 682.022047 319.315267 5.573262 0.125000 10.328459 
367.673066 52.985641 388.351031 56.944348 4.728288 0.125000 20.078634 
714.212246 407.112560 724.514811 414.170929 2.711840 0.125000 1.402721 
363.482913 152.826408 349.333147 149.556087 3.090720 0.125000 9.474398 
529.660386 148.531452 543.136614 153.090672 3.710699 0.125000 0.691155 
586.948652 240.473200 556.774150 225.832856 3.852878 0.125000 22.868957 
576.308693 315.114075 557.450514 289.879045 5.028092 0.125000 32.932339 
557.358415 291.010749 534.362185 278.147911 4.677778 0.125000 39.754450 
315.822079 139.851119 297.018252 135.062485 3.039640 0.125000 5.445991 
337.204346 85.642652 321.957095 81.567815 4.986551 0.125000 3.771203 
592.364686 406.253067 588.227115 402.995307 4.432329 0.125000 0.043858 
371.906814 226.838716 355.284050 212.263856 4.930991 0.125000 23.486200 
485.619635 106.887823 504.246510 114.682069 2.494332 0.125000 2.834271 
476.611676 263.365623 459.880162 245.055627 4.932017 0.125000 29.999291 
57.560904 441.892153 79.107179 447.844463 4.739712 0.125000 21.066921 
390.528331 87.156369 399.122778 90.109130 3.176661 0.062500 2.728311 
387.229829 159.516836 374.077092 155.305395 2.809028 0.125000 2.342960 
8.525101 172.482706 31.982748 157.038657 3.845444 0.125000 10.677201 
341.598015 370.938322 356.618544 324.292418 4.295368 0.125000 63.877074 
683.259120 395.386643 659.878259 382.230609 3.744556 0.125000 22.212304 
408.931598 294.035809 396.454685 287.703122 3.909681 0.125000 1.227133 
150.694468 259.150720 137.088302 254.936350 7.819372 0.125000 9.170509 
673.285372 411.524290 651.455655 401.542046 3.507487 0.125000 16.906893 
533.219674 110.264178 547.078149 117.748853 5.081547 0.125000 10.527675 
593.961484 208.179813 590.151645 179.437744 3.149849 0.125000 16.063830 
659.724087 381.764744 656.871013 372.731459 3.575883 0.125000 2.266568 
460.221834 246.425429 453.235145 242.906322 3.911455 0.125000 3.656218 
51.934340 197.645230 30.547692 195.000041 3.094839 0.125000 9.491537 
485.243187 89.102086 496.274146 93.412625 5.258878 0.125000 1.055679 
579.671330 172.590534 587.954268 177.182935 4.004794 0.062500 1.287028 
72.780701 221.736129 83.351660 213.119550 6.139010 0.125000 2.556421 
144.237172 203.675235 154.236018 206.179842 4.854903 0.125000 0.182509 
479.388382 271.236506 475.676997 263.731164 4.481954 0.125000 5.462398 
552.155308 158.685848 562.680822 162.967034 4.847495 0.125000 4.645049 
672.691190 310.015148 648.592957 293.684463 4.139109 0.125000 52.399954 
33.042252 220.992643 43.095645 223.255421 4.481912 0.062500 0.642419 
626.253089 365.625685 637.239868 371.149250 4.491756 0.125000 1.227133 
320.554153 41.015027 328.254202 42.413723 2.688113 0.062500 2.452098 
327.238392 412.003093 339.339876 377.672002 3.807765 0.125000 30.842078 
367.339028 242.012021 371.135086 229.156513 2.968814 0.125000 5.737598 
681.748232 448.433927 669.924505 443.582069 5.782115 0.125000 9.858472 
494.547104 448.146251 496.238173 434.450712 3.109009 0.125000 3.179507 
502.413391 302.012428 505.601306 260.527124 3.357158 0.125000 48.268861 
96.666755 201.369241 115.677177 206.688527 3.754826 0.125000 15.986161 
630.857284 263.924567 603.502062 249.817759 4.653070 0.125000 25.453259 
300.858810 94.852807 280.604950 93.405597 9.529556 0.125000 39.315720 
20.549577 430.895704 43.044686 437.163258 4.343207 0.125000 20.886728 
669.951841 274.024702 687.968514 287.504820 4.248270 0.125000 11.083143 
477.494264 294.388641 477.962723 273.121425 3.666508 0.125000 17.663161 
504.681674 117.335068 485.857206 110.026883 3.303897 0.125000 1.673687 
123.066055 42.835827 114.175851 44.648018 4.423440 0.125000 3.999211 
521.837785 251.873391 522.759257 230.555160 2.497668 0.125000 3.052680 
28.228499 195.192039 15.273559 192.095156 3.356612 0.125000 0.218417 
0.594928 217.080727 17.399458 219.537147 7.782731 0.125000 21.861091 
127.170010 76.967630 110.707685 74.950265 6.963809 0.125000 9.501963 
532.585442 262.119582 542.681039 257.320692 10.104845 0.125000 0.971602 
633.270576 365.367238 622.477431 359.271609 2.983258 0.125000 2.266628 
705.843280 405.568936 693.323460 356.824027 3.586289 0.125000 63.470351 
43.698194 443.855672 18.140847 435.576083 7.805107 0.125000 56.583067 
175.892770 328.388180 162.986325 324.886063 2.412753 0.125000 0.540732 
89.865340 339.685329 87.140990 333.016341 3.471507 0.125000 0.946948 
509.514694 381.841917 509.671918 394.386945 4.936949 0.125000 4.077659 
561.173298 142.115190 577.833777 151.161351 2.415854 0.125000 7.395813 
648.123882 293.873886 621.056720 276.932350 5.709586 0.125000 40.677367 
630.821122 381.244381 621.348566 378.298419 5.596831 0.062500 0.565437 
660.030500 422.903957 653.587566 403.797501 4.779226 0.125000 11.840616 
218.165867 242.952227 175.397658 232.836145 4.381428 0.125000 31.433616 
557.821731 152.551710 566.507790 156.444387 2.399663 0.062500 0.425131 
20.089157 442.145429 38.006882 448.460154 3.053757 0.125000 4.075512 
45.843266 438.643997 57.200435 442.035075 6.221511 0.125000 4.201000 
205.617255 28.656597 224.381484 28.929971 3.840648 0.125000 20.190654 
275.269873 250.566996 251.403781 243.456664 5.989822 0.125000 16.783448 
294.513612 52.459280 313.232876 56.356902 2.397247 0.062500 2.916191 
321.142033 432.027475 326.829131 412.742844 5.441846 0.125000 14.675878 
399.548064 204.429135 390.576605 233.109862 5.292106 0.125000 28.069117 
329.597054 143.540176 316.680928 140.104625 3.623991 0.125000 0.691155 
394.250762 211.838224 399.416484 194.387280 3.059002 0.125000 5.445991 
80.590354 196.964537 94.653164 202.406135 3.684816 0.125000 4.645049 
109.398441 217.757361 98.035234 217.032818 5.387573 0.125000 1.511663 
427.060101 68.823214 437.179331 72.217789 4.747940 0.125000 0.691155 
512.419929 161.878927 512.350266 149.372353 2.569587 0.125000 1.402721 
681.915259 319.324046 671.959855 309.279844 7.070998 0.125000 17.864166 
136.914895 27.493885 150.688239 26.606026 4.989644 0.125000 4.843116 
379.651463 254.468972 390.338606 223.027653 2.815963 0.125000 30.706998 
614.248631 354.386742 611.096638 320.465026 3.475087 0.125000 36.331002 
692.352741 350.496277 688.330869 335.569531 2.413912 0.125000 5.926155 
329.533852 128.634171 354.203680 133.923978 5.065168 0.125000 13.725257 
621.406791 290.680306 619.333685 273.129880 2.121174 0.125000 0.017298 
53.074579 236.080923 31.671629 233.713948 4.007894 0.125000 11.029391 
391.979542 286.573967 374.038666 280.343486 2.870517 0.125000 14.811633 
17.790112 435.437039 0.438733 429.965716 4.016728 0.125000 13.593270 
30.841064 232.568902 15.315566 230.711580 4.816122 0.125000 6.447476 
235.944531 356.313544 249.644538 349.955815 5.750763 0.125000 7.339907 
211.931526 121.544514 229.141849 124.488148 2.707276 0.125000 0.444968 
345.656064 371.886072 337.554423 394.617155 4.872845 0.125000 24.058053 
31.829344 294.062844 23.410538 304.873956 4.599676 0.125000 8.677466 
154.729033 367.083969 144.484719 384.439762 2.982632 0.125000 1.804732 
296.980751 72.426138 304.127950 73.507644 5.805613 0.125000 0.832041 
541.741906 340.976165 525.197213 334.705613 5.438783 0.125000 9.126729 
25.591424 222.291420 34.385043 223.000441 6.631624 0.125000 4.865235 
61.468430 143.689920 50.029791 150.478337 5.575706 0.125000 18.476673 
249.372335 108.161527 259.500807 108.900368 7.752951 0.125000 4.507584 
108.031441 26.752872 125.617809 28.211688 3.323826 0.125000 4.075512 
315.984848 447.425219 320.977289 432.818177 4.012701 0.125000 19.269312 
245.166077 74.665362 234.924811 82.585906 3.021742 0.125000 0.832041 
339.738842 277.988262 294.568668 266.136859 4.854353 0.125000 55.389532 
453.385051 162.440000 431.908510 154.286730 2.218253 0.125000 10.979698 
105.206737 318.229308 123.765017 311.454155 4.286698 0.125000 14.875457 
128.018665 85.474581 143.238971 86.946457 2.608711 0.125000 10.880938 
370.445135 93.701513 361.972941 109.427764 1.341157 0.125000 0.043858 
165.639935 208.051653 178.131071 210.595186 2.222526 0.031250 7.518058 
215.702041 340.373733 201.732291 336.090440 2.852403 0.125000 4.823200 
271.922251 257.961336 242.231692 249.389511 4.592727 0.125000 26.994124 
568.020178 372.113976 585.915259 379.963256 3.213076 0.125000 3.035816 
28.105873 183.329978 43.207660 184.739153 4.746103 0.125000 5.119583 
414.310151 168.317512 394.457528 161.630006 3.179796 0.125000 10.307838 
325.964223 77.748863 333.151458 79.248169 3.926240 0.062500 0.823219 
602.560619 248.161931 590.821620 241.527120 2.980863 0.125000 1.509067 
618.951907 354.011321 637.091908 362.670609 3.922682 0.125000 8.967686 
613.455143 404.889529 625.259835 410.188491 6.842261 0.125000 3.960766 
512.999254 100.874792 523.480831 106.151249 7.276313 0.125000 7.783977 
602.311133 353.473212 577.150736 341.304862 3.560115 0.125000 18.286028 
73.058716 88.279309 83.213094 88.758597 6.419853 0.125000 3.153385 
309.709382 123.107100 320.844241 126.043687 6.362128 0.125000 3.038967 
532.946178 141.111936 541.869839 144.389053 2.626308 0.125000 0.043858 
565.168830 360.175255 553.604658 354.774454 4.076028 0.125000 6.548612 
317.971236 179.578085 328.299218 178.061178 3.005125 0.125000 3.272066 
604.245229 233.319433 614.626479 240.248215 5.546634 0.125000 0.869357 
454.762464 317.056739 441.008364 312.068045 3.346823 0.125000 0.691155 
715.356337 448.595634 700.813932 440.294036 2.017309 0.125000 4.559308 
172.001653 231.294882 129.611839 222.040192 4.953969 0.125000 44.697545 
287.097003 117.151004 304.274426 121.066249 5.260351 0.125000 10.328459 
479.462315 325.403167 465.426743 319.878694 5.852906 0.125000 3.256345 
477.384307 302.465332 497.301148 307.777142 5.878158 0.125000 12.764183 
186.978390 73.953042 168.068807 72.783713 3.357101 0.125000 6.675735 
224.610736 379.383089 225.084935 365.563576 2.455663 0.125000 7.268578 
416.261594 151.853130 424.262879 155.849482 5.588970 0.125000 1.474402 
209.833554 360.848404 217.910259 344.270380 6.137348 0.125000 0.093699 
472.778881 332.781961 493.151133 340.556523 3.288953 0.125000 3.899642 
363.740332 316.604428 360.265689 324.754720 5.210180 0.062500 1.437064 
575.385655 340.625979 575.329419 326.881324 2.556236 0.125000 5.462398 
149.438793 108.440551 59.431596 102.295963 3.225758 0.125000 97.595737 
263.379810 127.235557 251.659323 123.877844 3.148879 0.062500 0.241950 
281.770354 173.072717 290.515046 155.570065 3.354610 0.125000 1.673687 
307.485539 189.281747 304.551583 209.400751 3.530371 0.125000 14.314904 
450.377679 165.074935 463.453523 169.695258 4.643582 0.125000 4.319249 
103.124808 89.494101 118.126785 89.518303 3.774193 0.125000 11.656268 
194.235070 163.117761 194.463470 198.140727 4.869468 0.125000 38.898968 
249.665644 124.066144 228.228612 120.069279 4.227965 0.125000 12.579129 
260.623063 111.886802 278.063612 114.749054 4.529125 0.125000 0.485838 
390.616619 295.647221 372.819590 288.934746 3.949854 0.125000 14.314904 
319.401287 255.538679 292.940579 247.480593 2.081584 0.125000 13.445268 
215.519214 102.660426 229.354944 104.523909 5.359815 0.125000 4.201000 
300.686189 190.301723 291.781996 188.616367 3.895241 0.062500 0.145596 
299.305991 36.635133 315.820498 37.763343 3.141995 0.125000 0.952878 
188.045586 100.328351 201.912731 100.828153 3.031709 0.125000 3.052680 
524.353265 325.680397 475.306383 306.437082 2.238211 0.125000 33.001314 
71.865365 210.696495 49.270352 207.651542 4.718067 0.125000 10.360783 
511.693828 329.569878 499.020546 323.693591 6.031174 0.125000 8.724910 
40.532947 206.265695 27.933839 204.455496 2.645261 0.125000 0.540732 
189.446198 249.109677 149.316966 238.341267 3.239677 0.125000 32.739551 
374.539776 267.630537 395.540407 274.628847 5.533921 0.125000 9.451120 
403.654874 192.045283 400.026920 203.334504 3.067847 0.125000 3.999211 
89.437470 191.579816 110.789331 196.098497 2.374720 0.125000 11.856575 
231.828372 100.918341 216.810437 98.531176 3.114817 0.125000 7.395813 
637.520466 371.696058 652.323269 378.382616 2.241594 0.125000 0.573201 
511.888131 188.096735 519.012086 191.406208 4.534577 0.125000 0.573201 
290.506318 137.344287 324.307345 145.892516 2.994493 0.125000 10.360783 
349.837187 359.124183 345.632378 372.331420 6.713879 0.125000 6.498490 
299.585094 208.171209 302.962782 192.814387 7.861946 0.125000 20.297807 
178.160848 128.710511 165.562643 128.030855 5.531443 0.125000 12.769067 
66.193185 87.669877 74.068335 90.294055 5.534301 0.125000 1.021488 
588.029626 372.086665 578.038900 367.045640 4.257824 0.125000 0.691155 
161.083967 221.365897 149.940287 218.458400 5.837541 0.125000 8.054519 
458.777407 309.739917 443.661002 305.120869 5.711482 0.125000 14.471095 
501.247609 311.503795 526.633773 321.253128 6.375784 0.125000 32.902390 
0.624988 0.821994 765.625063 0.869552 1.297558 0.125000 538.285490 
18.260830 179.030233 30.130760 183.706717 8.599162 0.125000 13.000384 
455.866762 112.460750 445.831286 108.808220 3.204271 0.125000 2.389046 
510.296498 359.871687 518.684323 365.419285 3.127789 0.125000 1.506999 
577.233548 213.560018 586.994158 217.854154 2.563183 0.125000 2.753128 
666.868737 311.880276 680.583352 328.160086 2.416055 0.125000 8.244860 
83.131493 119.138280 16.931293 117.322569 5.356589 0.125000 87.359907 
551.404728 353.850478 541.768894 349.616478 3.050190 0.125000 0.540732 
337.748641 395.086406 327.560166 425.851903 4.731061 0.125000 41.879227 
84.153065 88.050392 103.397084 91.684015 6.141480 0.125000 17.035585 
526.741416 212.152096 501.566211 200.015529 3.498998 0.125000 24.580461 
238.536937 227.887873 269.811042 236.550851 5.338988 0.125000 31.652957 
397.146391 54.790702 379.877404 49.173225 5.141433 0.125000 11.292907 
466.567445 190.228890 484.449016 196.669503 2.680947 0.125000 5.784967 
630.908917 373.764759 569.083996 345.000473 2.817992 0.125000 33.818838 
464.657154 169.929771 474.549681 173.944586 3.761304 0.125000 0.678049 
88.948507 172.007599 85.672786 161.471512 5.225986 0.125000 0.756139 
611.926724 231.781554 600.137375 225.255960 3.515036 0.125000 2.638490 
577.490663 365.522353 567.321575 360.893849 3.099347 0.125000 1.402721 
386.189632 143.796901 402.870497 148.949000 5.602767 0.125000 11.083143 
474.370633 166.886220 506.157562 179.256521 3.362705 0.125000 15.243766 
493.693329 180.767217 505.619495 186.885730 5.106254 0.125000 1.262383 
141.846095 89.734376 128.084581 88.627528 2.792597 0.125000 0.678049 
525.541878 353.300924 540.701283 360.463549 2.384769 0.125000 3.969046 
257.889570 105.618404 309.422195 115.375742 3.619091 0.125000 41.922776 
35.107395 430.885668 24.656065 427.304693 3.646518 0.062500 1.287028 
48.015164 216.198280 60.765596 218.641172 2.403735 0.125000 2.389046 
55.923295 241.121732 41.037043 250.061150 3.642965 0.125000 6.454132 
513.745322 226.748937 510.424722 243.335157 5.640104 0.125000 11.840616 
705.496815 345.668006 701.347976 333.301816 2.385560 0.125000 0.540732 
39.388051 83.716047 61.904674 83.218853 2.664959 0.125000 3.847213 
148.115688 415.654138 119.130260 406.390802 3.670231 0.125000 14.493438 
322.895595 286.524053 307.040014 282.478297 2.731436 0.125000 4.823200 
60.387900 156.615210 74.676303 143.574760 4.733302 0.125000 1.542397 
166.754273 239.848201 204.357924 249.441932 3.708136 0.125000 22.230711 
688.412405 411.359375 659.035142 394.984730 2.201733 0.125000 7.938855 
85.437841 161.242410 83.067382 150.925443 6.091285 0.125000 3.803941 
147.734452 373.686781 162.903442 350.480179 2.735671 0.125000 6.922551 
201.995996 252.720190 191.787181 249.668812 2.753264 0.125000 2.753128 
196.717640 156.372808 218.564381 149.527223 3.880676 0.125000 8.082269 
389.120330 56.356723 402.548846 61.030413 4.363382 0.125000 3.540461 
421.514360 305.437528 398.696031 297.692609 3.637436 0.125000 6.600955 
700.470173 428.355065 679.756577 414.415434 4.428453 0.125000 19.086291 
392.793415 165.381938 411.937235 171.686008 2.765538 0.125000 0.756139 
535.739169 192.911569 548.057607 199.500986 2.717039 0.125000 1.418695 
542.699024 202.677247 562.442399 213.160552 6.067306 0.125000 12.917062 
93.241990 278.463911 107.070210 273.690509 2.447244 0.125000 0.573201 
84.360393 444.426263 35.647403 430.546375 3.445068 0.125000 33.402973 
126.730114 217.576292 141.859107 220.701928 1.517446 0.125000 0.946948 
354.058125 347.965107 350.026979 355.953985 3.787272 0.125000 2.266568 
370.109073 288.411418 346.097960 280.448800 5.544942 0.125000 21.191738 
627.413657 389.590961 613.308601 382.746627 4.531578 0.125000 6.649222 
511.197448 337.190204 498.250285 331.585581 3.783991 0.125000 1.727632 
612.894351 392.370304 631.102608 400.849366 3.632882 0.125000 8.484529 
59.376552 102.412198 0.623431 102.581961 2.583061 0.125000 64.598816 
280.755018 179.481132 273.969390 187.793905 4.038826 0.125000 0.832041 
420.759204 130.668560 425.273320 116.760853 1.482549 0.062500 0.127816 
22.214215 381.771427 9.273883 378.528490 4.546157 0.125000 0.212734 
131.909948 110.296380 146.873647 111.887726 1.957228 0.125000 1.850038 
368.218117 279.060179 346.168238 272.538348 6.043965 0.125000 19.696663 
178.167378 216.689577 131.769751 206.085514 2.332593 0.125000 22.861918 
236.750547 118.744306 261.987378 123.815782 1.706334 0.125000 0.218417 
105.760169 228.714175 76.937660 222.818660 2.699783 0.125000 2.582011 
356.265665 340.434539 354.018768 347.622935 6.412606 0.125000 2.034126 
692.060644 305.356858 633.041363 264.495804 3.637142 0.125000 84.883672 
216.868493 95.678394 235.644294 97.966694 2.784087 0.125000 10.979698 
344.487356 276.520106 363.327692 282.484763 1.568985 0.125000 3.656218 
524.666189 314.939927 506.693987 307.300865 3.278733 0.125000 16.924333 
605.792592 379.034743 597.759959 375.078298 4.502145 0.125000 3.116804 
241.215714 218.460757 268.601007 224.827570 5.296487 0.125000 22.522381 
129.444947 116.289329 159.317435 119.856995 4.020006 0.125000 33.001314 
177.813322 156.666422 195.248107 161.884327 6.818115 0.125000 5.160285 
223.724794 344.178918 220.991917 370.662862 6.000039 0.125000 34.498846 
539.974698 349.218310 522.009536 341.559423 5.089678 0.125000 13.864395 
546.244995 150.721451 544.850199 141.610878 3.417039 0.125000 2.389046 
134.598736 124.468214 121.617289 121.957444 4.393867 0.125000 9.976665 
330.873074 38.069233 300.772133 32.350550 4.322519 0.125000 18.210157 
340.690354 124.153885 383.513388 136.810956 4.003654 0.125000 35.198936 
408.009364 275.594362 413.680269 254.190929 3.552651 0.125000 18.503665 
702.504790 420.369666 688.675597 411.746672 4.642096 0.125000 1.537754 
165.612565 120.705553 185.900933 123.837598 4.269717 0.125000 25.288891 
390.037775 396.197560 401.410604 386.339259 6.927360 0.125000 13.638225 
664.761189 388.607967 680.737412 396.651731 1.717492 0.125000 2.266628 
531.384452 320.613632 532.311627 280.606150 3.223355 0.125000 42.284429 
621.945531 213.114775 619.612516 197.021781 4.249221 0.125000 3.153385 
13.020112 406.066485 26.871873 406.925421 3.046546 0.125000 1.650246 
330.786913 121.186186 315.736996 117.648545 3.291759 0.125000 8.256362 
250.514553 350.375135 259.099775 346.580241 4.573152 0.125000 0.832041 
433.969953 311.110164 421.727722 305.976192 2.833215 0.125000 0.573201 
329.659157 427.141231 320.647181 447.439811 9.386027 0.125000 34.424298 
435.825184 152.559516 464.912534 162.856561 3.608105 0.125000 28.751216 
35.901558 52.994844 23.247238 56.119970 3.055978 0.125000 0.017298 
124.504159 401.428700 143.959943 407.059200 4.802916 0.125000 9.429838 
161.964142 127.244221 139.191365 124.939441 6.218234 0.125000 24.690461 
20.579405 415.731450 35.968531 422.322963 5.253016 0.125000 7.339907 
141.654795 133.636031 148.743161 136.690427 3.285238 0.125000 0.946948 
0.420710 381.418111 40.649409 391.780237 2.659366 0.125000 24.295631 
79.792390 339.664910 71.335663 315.377551 3.235680 0.125000 9.490236 
90.417178 294.175444 76.951737 308.198684 3.534806 0.125000 8.858652 
139.511544 236.226152 118.155113 231.731903 2.831533 0.125000 2.558245 
506.741278 303.448258 529.485861 312.857005 3.465214 0.125000 19.407872 
566.639233 343.687419 535.603170 330.677076 2.008647 0.125000 16.811232 
123.086152 311.866597 126.925601 294.115576 5.580225 0.125000 11.661587 
187.199871 214.613606 203.385905 219.812747 3.952610 0.125000 1.673687 
210.894615 282.068789 204.618777 290.800218 2.315483 0.125000 0.946948 
382.919046 306.177616 371.813928 302.038868 2.480888 0.125000 2.753128 
49.260978 306.658225 35.915734 313.677733 3.433909 0.125000 3.052680 
177.498776 292.677498 168.013064 279.455304 3.466422 0.125000 1.511663 
194.815510 307.166545 186.778013 319.310810 3.786809 0.125000 2.506488 
264.478965 229.011472 244.338791 223.251609 3.264056 0.125000 16.811232 
270.844420 241.093050 250.678492 235.434370 2.069317 0.125000 6.608679 
683.593735 304.921475 636.566152 273.588549 2.782328 0.125000 41.191766 
0.556877 242.623971 13.292599 243.782353 5.658806 0.125000 11.464851 
110.591170 134.244385 140.634390 133.508220 4.177558 0.125000 17.039935 
562.872293 206.097087 576.680404 213.488528 2.794002 0.125000 2.342960 
646.814889 381.993745 631.852504 374.419439 1.647130 0.125000 0.626023 
77.197077 421.984479 95.869950 427.257597 3.976524 0.125000 3.358967 
103.250623 68.399360 118.016644 61.638352 4.121472 0.125000 0.156022 
502.873909 406.867102 502.559691 416.857219 5.036825 0.125000 7.395866 
512.688999 179.045108 527.357028 185.995678 3.329730 0.125000 10.845760 
680.954844 328.593777 689.578611 345.521270 2.773948 0.125000 4.444497 
46.917599 252.026869 56.838286 249.244114 2.744693 0.062500 0.172771 
358.357596 391.944938 360.633049 384.377420 3.538225 0.062500 2.728311 
409.661835 209.471018 415.183182 192.977101 2.385817 0.125000 4.823200 
674.574338 270.337570 687.112290 279.032845 1.114510 0.062500 0.043858 
41.479440 237.424352 32.703722 242.378798 3.406080 0.125000 1.402721 
266.889732 153.116680 274.892932 167.288420 3.073345 0.125000 0.182509 
362.415846 324.344242 357.880298 331.282194 5.190733 0.125000 6.608679 
409.369145 281.894794 423.372860 286.037061 2.751882 0.125000 1.509067 
260.877555 268.514968 239.286980 262.174737 3.027041 0.125000 15.913491 
493.339579 343.795141 481.817187 339.531228 2.473758 0.125000 0.626023 
29.356793 125.450048 53.134854 125.146230 2.755320 0.125000 16.251660 
670.254839 442.621178 647.268896 431.089830 3.931024 0.125000 20.078634 
291.684976 162.204841 281.050208 178.847967 4.418629 0.125000 13.677846 
599.908034 282.896317 604.761502 294.209182 2.821231 0.125000 0.573201 
710.117029 298.791948 684.466134 279.255344 2.936980 0.125000 20.439502 
405.798576 226.874468 405.760248 214.374585 3.757648 0.125000 2.638490 
510.631873 255.626104 508.221206 270.640447 7.207000 0.125000 11.825105 
502.416505 430.712622 499.758456 447.139314 8.002706 0.125000 19.403430 
348.640738 41.469168 332.482902 36.436523 5.732392 0.125000 7.143550 
423.093662 284.472109 438.541679 289.457286 5.104333 0.125000 15.517769 
525.222510 189.018657 512.810928 182.470283 3.961011 0.125000 6.733682 
125.376895 199.225382 140.724043 202.685727 2.532854 0.125000 0.017298 
366.779558 270.893702 346.654637 263.745397 2.664838 0.125000 7.560297 
374.198244 256.100076 396.132524 264.260902 3.487050 0.125000 11.661751 
430.736332 150.284352 416.836870 145.741667 2.787826 0.125000 6.812307 
464.686609 333.461989 441.859281 325.671056 2.769749 0.125000 19.778460 
49.013545 318.924474 60.128919 310.006672 3.128928 0.125000 3.296024 
615.833674 234.060409 633.168727 245.559078 4.187602 0.125000 13.464395 
435.557880 323.344259 412.886515 316.404052 2.927140 0.125000 18.537752 
504.689716 375.639958 503.199340 406.997355 5.172394 0.125000 33.413189 
560.946579 372.394659 550.726449 367.894598 2.424587 0.062500 0.823219 
122.012220 122.848570 105.616931 122.038261 7.182338 0.125000 16.870165 
190.622708 199.375168 188.162694 165.713596 5.140081 0.125000 42.818965 
253.803600 214.837815 270.414849 190.481674 2.583958 0.125000 21.133992 
35.675752 153.240740 13.586334 162.927061 3.293526 0.125000 0.485838 
77.204010 220.300964 99.513146 224.964087 2.758066 0.125000 1.361868 
111.936172 422.926161 130.470217 428.628118 2.940470 0.125000 2.765357 
384.468464 140.348229 367.987349 134.782618 1.630730 0.125000 0.626023 
701.148145 436.898733 720.135041 447.733599 2.796791 0.125000 13.370071 
718.219715 439.248522 706.813650 430.706924 4.504725 0.125000 3.315964 
365.082250 308.601254 380.521127 313.455375 5.384236 0.125000 8.245189 
390.295108 233.386175 382.842977 254.713232 4.663189 0.125000 7.420527 
263.910892 88.996380 255.516332 99.286349 1.732248 0.125000 0.043858 
374.463577 286.612677 390.565963 292.049841 1.614962 0.125000 1.850038 
413.187949 343.139334 409.755800 358.211713 2.992670 0.125000 1.828267 
548.983975 165.667484 550.206593 176.920459 2.620390 0.125000 1.506999 
717.258678 430.099634 703.528546 420.072429 3.765600 0.125000 8.677466 
220.613509 226.921154 180.603801 216.960147 1.847086 0.125000 23.041208 
205.632633 24.967192 173.122506 24.589977 1.568977 0.125000 12.734221 
242.217269 210.861535 236.104702 219.706512 2.524954 0.125000 0.043858 
638.293447 360.773082 635.009528 336.788123 2.985580 0.125000 17.621235 
372.742217 299.143387 385.341545 303.879127 2.489473 0.125000 1.402721 
482.699536 219.810959 496.977904 234.273405 2.713866 0.125000 1.727632 
0.616680 104.850247 84.384773 106.316772 2.324574 0.125000 63.551962 
39.502020 395.114930 0.669878 385.444785 3.317876 0.125000 33.554568 
655.791045 259.136546 643.269577 250.417375 3.077405 0.125000 2.638490 
79.980171 130.759742 65.341891 139.223427 5.867152 0.125000 13.864395 
53.122900 125.628845 61.965206 130.459895 3.392562 0.125000 4.559308 
219.339541 253.262413 234.612755 257.203641 5.114769 0.125000 7.962583 
360.589421 133.251209 336.955707 126.588711 2.099120 0.125000 7.395866 
401.566805 339.055142 398.163802 355.632965 3.924756 0.125000 6.129919 
314.636230 114.149104 331.819167 117.190444 3.834169 0.125000 0.539351 
359.089500 331.149350 356.716584 340.258094 5.783870 0.125000 10.801277 
18.102880 110.011834 94.347726 112.660203 4.172526 0.125000 89.995828 
21.928524 55.808502 4.120587 61.002777 5.700093 0.125000 10.781148 
315.594775 248.255601 326.822013 250.853951 3.682564 0.125000 0.218417 
406.976918 146.512142 392.930670 142.566869 1.730828 0.125000 0.946948 
342.957343 289.963854 356.993135 293.960080 3.606664 0.125000 2.834271 
80.375129 433.779328 98.564075 440.725208 5.392823 0.125000 13.638225 
435.332596 292.829518 394.120797 280.204813 2.541836 0.125000 17.212961 
109.182067 113.899103 129.356217 115.822056 3.851689 0.125000 19.317901 
178.621890 211.307304 186.824609 214.504292 4.316523 0.125000 1.509067 
593.204258 136.525301 578.484302 128.510943 5.781978 0.125000 7.143550 
334.378371 385.597839 324.530113 384.375385 4.029399 0.125000 0.678049 
524.042113 356.432802 505.371971 348.739013 3.403680 0.125000 12.649925 
86.879311 106.813669 126.857496 109.624004 2.103710 0.125000 22.868710 
477.805083 77.818141 447.858654 67.660209 2.367506 0.125000 20.267767 
636.617249 239.534359 632.225549 232.431099 3.595472 0.125000 1.850038 
389.190952 138.812334 405.603039 143.207014 2.500753 0.125000 4.867743 
577.891252 202.335059 552.972862 189.674434 2.372950 0.125000 15.088542 
92.231621 141.549439 105.459680 136.446454 2.865336 0.125000 0.017298 
118.152954 189.200434 129.707173 191.050669 2.864448 0.125000 1.402721 
445.741592 324.042633 464.389340 330.584122 2.834614 0.125000 1.994165 
570.527043 124.063343 554.491485 114.185892 5.653319 0.125000 15.163108 
204.742924 292.973544 197.542515 303.578232 4.544990 0.125000 1.511663 
353.283184 296.325317 336.947162 291.624241 2.549368 0.125000 8.586472 
186.704478 349.267136 194.495075 336.950953 6.618438 0.125000 7.543852 
379.468927 47.818558 359.435349 41.678107 2.930513 0.125000 5.101515 
416.668742 60.116593 408.547001 57.857710 4.147262 0.125000 3.272066 
14.380182 229.334494 0.536932 227.563337 3.402406 0.125000 1.828267 
25.391485 423.950756 48.189273 430.397716 2.454924 0.125000 10.820425 
254.237861 132.596143 236.660402 129.253458 2.343185 0.125000 5.737598 
144.257990 407.107947 154.750128 412.378186 5.531381 0.125000 0.156022 
233.376382 220.846016 209.234958 214.948233 2.697551 0.125000 15.949385 
110.834042 228.430734 119.126172 222.761078 2.224769 0.125000 0.043858 
69.329460 318.141636 77.464247 340.409742 2.031939 0.125000 6.548612 
84.362240 408.170038 40.584699 395.767249 4.088780 0.125000 37.256465 
234.660239 258.122241 253.297858 262.365814 4.211436 0.125000 8.454286 
392.197841 267.188617 376.865541 261.902434 3.137775 0.125000 7.395866 
30.101067 272.694652 20.554572 284.317152 3.070326 0.125000 1.828267 
177.664708 188.078233 177.078941 178.186948 4.218463 0.125000 1.021488 
215.674027 381.957418 216.715919 365.535600 5.464854 0.125000 9.286884 
305.132827 311.256506 312.770129 305.179047 2.934317 0.125000 0.626023 
316.884635 106.835756 291.858621 100.691715 2.725934 0.125000 18.537752 
347.185950 254.768218 309.240123 240.996637 3.420707 0.125000 21.657541 
569.367840 336.895859 550.291096 330.347774 3.105878 0.125000 1.804732 
295.614460 174.010705 304.316418 161.833138 2.426063 0.062500 0.145596 
615.870467 329.170210 617.978801 344.566196 4.732882 0.125000 13.080048 
210.629479 23.425897 231.874772 23.109681 1.380083 0.125000 0.043858 
264.422564 337.045024 266.418189 321.815142 4.632813 0.125000 6.649222 
349.443500 419.396260 357.643592 392.975587 3.004933 0.125000 17.739153 
437.921230 65.171464 419.722816 60.515514 5.773455 0.125000 14.203680 
546.999434 109.153997 535.251044 102.539172 2.453097 0.125000 2.389046 
617.230648 345.532537 619.294497 353.470909 5.738438 0.125000 0.444968 
88.109207 148.635333 93.402049 161.763302 4.674077 0.125000 10.991839 
508.850131 270.754011 507.056212 298.218484 6.318184 0.125000 36.766847 
601.897883 390.572007 593.158227 386.798054 2.138670 0.062500 0.127816 
203.917814 323.628680 209.766606 310.249741 5.870626 0.125000 5.865563 
20.102360 285.113724 0.324570 305.331103 2.874917 0.125000 22.724154 
612.969679 307.960205 615.260864 323.179818 4.452537 0.125000 11.946701 
67.275686 303.201858 68.061075 311.880785 4.579966 0.125000 0.832041 
88.223029 427.658134 70.707847 423.980437 2.703511 0.125000 6.548612 
650.717862 299.250798 666.536429 311.077836 2.264191 0.125000 6.608679 
152.010382 154.469917 160.641811 155.481567 4.015527 0.125000 0.573201 
391.934391 406.888740 382.642512 447.052563 1.781324 0.125000 18.476673 
408.037455 353.204281 409.157958 336.774946 2.975822 0.125000 13.030900 
81.108868 331.702484 84.158658 340.256465 3.532212 0.125000 0.540732 
546.615696 173.153418 544.961631 158.060709 2.757474 0.125000 3.179507 
33.625264 310.901778 40.385030 298.683814 5.701828 0.125000 0.485838 
393.042609 125.921507 370.865595 119.759150 2.140197 0.125000 8.256362 
85.642269 108.803995 54.383057 107.858605 1.513939 0.125000 4.859801 
336.841676 379.589233 326.888077 378.040933 3.513310 0.125000 0.573201 
390.786386 290.150478 373.195474 284.167786 1.585915 0.125000 3.656218 
169.359695 259.451331 179.455088 261.475584 2.205461 0.062500 0.127816 
299.455823 30.075196 265.700267 25.112992 2.545217 0.125000 16.333999 
319.604744 194.995595 323.644955 180.422603 4.746799 0.125000 1.587803 
531.999627 101.615641 502.787002 87.578401 2.209455 0.125000 14.314904 
8.160415 414.199640 19.454657 416.480572 2.945423 0.125000 2.266568 
149.391160 21.342876 205.627257 23.050671 2.008282 0.125000 36.385853 
691.690898 329.423584 694.402201 339.697693 5.472396 0.125000 5.445991 
198.159529 357.155380 188.127737 356.798136 2.765331 0.125000 2.389046 
408.205720 377.430817 416.196060 363.971923 4.500791 0.125000 6.384546 
699.200413 357.200153 703.835185 375.117962 8.471187 0.125000 18.479653 
499.257567 88.409581 477.573463 79.461562 4.896903 0.125000 14.493438 
78.485752 309.268941 83.380303 325.917435 2.892599 0.125000 2.261664 
105.771783 413.887558 92.930562 410.020695 3.359456 0.125000 0.444968 
175.473472 371.056467 187.906816 349.767538 5.587391 0.125000 19.993139 
91.585457 282.838308 83.497776 291.006413 3.570474 0.125000 2.342960 
687.850650 277.261605 673.986226 267.422846 2.038803 0.125000 2.389046 
360.736157 121.450202 343.996878 117.070034 2.257088 0.125000 0.017298 
641.360674 396.925541 633.125318 391.874482 5.398788 0.125000 0.691155 
485.666835 410.787190 483.787254 396.786096 5.362858 0.125000 3.358967 
290.602660 214.927403 296.500805 204.169837 3.605696 0.062500 1.437064 
216.187320 176.932921 214.383683 155.518985 4.471157 0.125000 11.840616 
209.801314 366.875459 209.782472 384.375439 2.513457 0.125000 11.784028 
594.898198 309.584154 589.120494 320.557321 6.112619 0.125000 15.246865 
73.107483 239.507045 59.595273 237.714543 2.971435 0.062500 0.836455 
259.049885 447.236278 270.448270 418.055966 3.129038 0.125000 22.212304 
275.705888 216.539362 287.192489 219.307605 2.767039 0.125000 0.540732 
610.803940 284.304780 611.113344 290.601002 3.868185 0.125000 0.946948 
141.676946 249.895880 155.766402 255.253113 3.389675 0.125000 4.268334 
704.831581 374.868948 711.949611 404.315596 10.428081 0.125000 65.883889 
34.371722 107.285807 0.623871 107.016550 1.499280 0.125000 10.880938 
102.360002 402.177642 121.438751 371.602780 3.724369 0.125000 32.739551 
156.512121 406.713318 161.108445 396.397344 5.075906 0.125000 1.511663 
466.384477 433.918289 476.638658 422.904949 2.145010 0.125000 5.040691 
487.769843 267.302389 479.803196 283.982495 5.101034 0.125000 9.871483 
530.433570 184.797094 549.746450 193.555972 2.077940 0.125000 4.018512 
169.098097 379.988899 174.470148 371.473616 7.010148 0.125000 5.119583 
255.164400 364.158483 219.728803 439.541314 1.720856 0.125000 37.781503 
487.943591 164.802380 505.919001 172.432366 2.930443 0.125000 8.294248 
8.698428 130.886674 22.640576 125.597958 5.440863 0.125000 5.992002 
292.711010 234.871751 298.733321 224.736460 3.223829 0.125000 0.678049 
660.413722 402.291249 674.373924 409.377121 1.250000 0.125000 0.043858 
61.892894 70.367008 40.627265 70.750596 1.250000 0.125000 1.850038 
419.113907 437.019755 410.165575 420.879714 2.673569 0.125000 13.030900 
263.027685 425.946943 234.261161 417.251609 1.612597 0.125000 12.141115 
660.998043 260.425078 622.445813 188.488992 2.513688 0.125000 39.370795 
274.405324 406.876380 275.086492 391.907377 2.497416 0.125000 2.266628 
73.383835 280.014889 88.012751 274.097500 1.939978 0.125000 0.540732 
234.178224 415.025587 265.580116 424.523395 1.558354 0.125000 11.856575 
79.750046 394.646227 124.287140 333.061461 1.510566 0.125000 29.661942 
418.326854 440.062366 390.386964 430.038487 1.841259 0.125000 10.801277 
201.298137 390.580980 199.955977 408.169334 3.253637 0.125000 11.656268 
196.836674 423.240807 220.852155 431.188617 1.596438 0.125000 1.509067 
226.810067 414.583164 204.528533 407.632802 1.250000 0.125000 3.656218 
256.782562 444.666431 225.507219 434.746332 1.537813 0.125000 10.979698 
127.701498 364.223434 132.092943 351.952999 2.267102 0.125000 2.753128 
226.869538 433.142942 258.255322 442.696876 1.663622 0.125000 6.066627 
390.714812 427.866221 415.737569 436.550650 1.542112 0.125000 9.074758 
275.069548 390.323343 266.829779 371.351739 2.744879 0.125000 1.994165 
390.797376 406.377615 381.825360 403.268236 2.362165 0.062500 0.425131 
78.101792 391.960135 49.437359 384.146244 1.316714 0.125000 9.074758 
219.447537 432.902709 195.771267 425.176764 1.288400 0.125000 3.132111 
243.110381 398.169226 272.008433 407.721325 1.991311 0.125000 0.623471 
209.426978 406.720753 229.278825 413.410405 1.250000 0.062500 0.425131 
684.759294 357.504747 659.873078 372.691206 3.201053 0.125000 8.385107 
265.493360 407.315205 241.977308 400.282882 1.443990 0.125000 5.040691 
236.772056 398.445471 214.192742 391.192379 1.319772 0.125000 3.656218 
