663.221152 592.901423 649.501524 580.368176 5.901560 0.125000 14.463729 
808.817530 670.094487 774.843260 643.770651 6.667909 0.125000 89.450066 
647.581903 577.923444 620.871181 570.934175 5.040720 0.125000 19.021145 
705.628194 581.523455 698.119401 581.550149 2.504428 0.062500 0.275984 
582.654606 593.151949 561.413961 606.119845 6.693250 0.125000 30.135830 
1078.126889 456.890285 970.418065 470.200434 4.056576 0.125000 138.151504 
685.170344 577.158205 668.432756 585.029422 4.524645 0.125000 1.584427 
600.155912 584.717887 583.288181 593.440556 3.753067 0.125000 8.519543 
619.409719 232.356405 644.370043 230.556269 3.380620 0.125000 6.518801 
679.818152 629.777986 673.324018 616.775599 5.031638 0.125000 7.289776 
548.145154 60.447085 534.289750 58.877571 4.288961 0.125000 2.568466 
1045.855831 36.740227 1034.323702 39.127159 3.208178 0.125000 0.446700 
834.381204 490.761519 821.793588 491.333562 3.916376 0.125000 11.762226 
1071.521640 38.173493 1060.097189 35.064545 6.030686 0.125000 3.677884 
698.640086 475.427511 678.124287 468.127002 3.692067 0.125000 7.995691 
772.575410 643.839461 759.377702 626.578693 5.841928 0.125000 27.887601 
445.649141 230.638292 439.151147 242.439994 3.617407 0.125000 7.284367 
571.603964 12.252471 561.775734 15.305439 3.478965 0.125000 0.430727 
772.565532 532.573332 763.547885 521.285784 5.074077 0.125000 5.189516 
670.736000 585.719817 663.778179 593.865192 5.564124 0.125000 0.083684 
717.158928 588.648077 709.282810 587.516898 2.804623 0.062500 0.330115 
551.948369 146.456186 563.583586 138.252539 3.343702 0.125000 1.499657 
892.351073 742.833430 865.929375 721.498063 5.497133 0.125000 39.390497 
589.632742 375.855734 594.963082 369.901458 3.237365 0.062500 0.603138 
1028.349650 40.010464 1014.555947 44.886840 2.916436 0.125000 6.727100 
661.413887 383.429767 669.444027 395.579377 5.196138 0.125000 7.748463 
919.352038 738.000638 895.269059 742.447187 4.103504 0.125000 9.942748 
589.904591 111.694836 606.381384 103.395068 3.911438 0.125000 3.677884 
676.347815 468.044789 678.296583 485.605959 3.451388 0.125000 11.540606 
536.020513 27.703501 524.428606 33.237292 7.947392 0.125000 7.299530 
116.858362 651.729820 78.045113 656.177918 4.967486 0.125000 38.079361 
915.452198 599.556300 907.745922 592.211247 4.396939 0.031250 0.723841 
46.838378 610.299697 30.652787 612.121827 3.183498 0.125000 5.761687 
70.676781 467.862533 63.206279 449.342215 4.636979 0.125000 8.604679 
414.334323 101.695537 407.245693 109.703151 3.206759 0.125000 3.587314 
318.093024 471.859835 318.295891 488.153998 5.124106 0.125000 3.308386 
392.620835 11.663723 388.309302 21.952234 4.611452 0.125000 1.062131 
411.680373 112.570654 420.453055 99.261661 4.151148 0.125000 6.495357 
682.156420 253.721009 694.372514 251.858692 4.189359 0.125000 3.296339 
843.794037 496.516477 835.365265 491.023559 3.152153 0.125000 0.535004 
814.955605 402.166860 805.414369 421.147473 5.046725 0.125000 22.348276 
78.197108 543.610497 93.181701 545.023840 2.841090 0.125000 9.908943 
478.196298 393.215063 469.775735 399.881202 4.900326 0.125000 1.862277 
545.980122 429.707607 538.693880 437.487063 5.300461 0.125000 0.539669 
734.399262 600.591075 718.325172 589.095112 5.810822 0.125000 14.271772 
606.110140 229.596692 596.190810 224.441474 5.100509 0.125000 5.761687 
692.018788 262.572026 680.263475 259.515343 2.951654 0.125000 0.430727 
486.706201 52.866771 471.313678 62.928541 6.318519 0.125000 16.261099 
557.266395 429.129547 545.384932 433.758847 3.237035 0.125000 3.851205 
907.831533 592.722343 895.840975 576.713238 6.497070 0.125000 11.275274 
349.348136 297.978124 333.948782 300.794663 4.018834 0.125000 0.389873 
851.773159 709.547419 839.222042 702.133961 8.610200 0.125000 17.102654 
547.981347 100.821884 558.673502 108.623251 3.111612 0.125000 0.537072 
668.233503 15.751393 655.277384 22.452954 6.163932 0.125000 6.254201 
946.483278 779.777990 937.694875 771.049497 5.297224 0.125000 2.181390 
95.690592 524.907917 76.529222 523.155223 5.199255 0.125000 2.979429 
496.051007 618.821012 516.653056 634.663621 4.571902 0.125000 20.143041 
510.098744 638.477407 491.700044 623.642243 5.115333 0.125000 19.069461 
624.208079 550.720441 615.050150 534.703683 4.187415 0.125000 7.995691 
627.462246 570.696061 626.108808 558.073126 4.971505 0.125000 1.132984 
21.089582 399.062243 22.835533 408.633826 4.918837 0.125000 1.666495 
716.749154 605.338729 686.542152 618.617845 3.759232 0.125000 21.399354 
577.389915 414.656369 590.672249 449.356914 4.496471 0.125000 43.114898 
545.652609 475.615872 545.624852 483.134229 4.976892 0.125000 1.294634 
487.956430 635.815930 501.967466 648.186080 4.685247 0.125000 7.561865 
759.380352 625.615836 731.409719 609.281280 4.317661 0.125000 34.362748 
167.894161 263.138175 151.727206 260.183747 3.239490 0.125000 9.009420 
622.942621 130.871178 641.753019 127.453610 3.913047 0.125000 1.339095 
688.527938 258.463000 706.526017 266.414879 3.669198 0.125000 1.339095 
406.606090 110.389280 400.172694 117.728519 4.699933 0.125000 3.046518 
523.290727 624.161922 500.358007 606.325427 5.481640 0.125000 35.457628 
290.588980 321.124334 303.113974 322.027849 1.786385 0.062500 2.684224 
499.992712 607.114050 496.138404 617.073684 2.961866 0.125000 2.300072 
318.155378 302.507733 291.786120 303.773746 4.814413 0.125000 6.788469 
477.767729 258.495853 470.894798 261.288900 4.007117 0.125000 0.535004 
154.409802 90.075360 131.903261 91.193736 3.931491 0.125000 5.628961 
820.541577 491.652046 810.538861 495.394788 2.922949 0.125000 0.535004 
471.379447 675.130569 462.968279 669.613952 3.555972 0.125000 0.430727 
474.730454 708.392242 470.104334 692.907114 4.165782 0.125000 0.290389 
611.769937 358.346252 631.942514 356.286077 5.074670 0.125000 19.914734 
554.057858 128.170622 565.826607 131.051373 5.451020 0.125000 1.586250 
938.201958 770.612084 936.501190 760.477953 5.344817 0.125000 5.094633 
689.376651 576.229675 713.126474 576.164848 3.801165 0.125000 18.643363 
319.472285 323.089464 298.059294 324.804760 3.238966 0.125000 6.188175 
601.885856 119.586486 588.145900 119.688552 6.305539 0.125000 13.096949 
621.419333 11.142480 612.770915 3.527118 7.056846 0.125000 2.710406 
451.903460 294.335951 451.408909 325.637385 5.196847 0.125000 29.168019 
930.859020 745.158964 919.368082 739.388778 3.370436 0.125000 2.207512 
993.438140 154.473358 978.103989 158.034530 2.608208 0.125000 4.765604 
380.919001 501.574727 383.912067 516.965030 6.612310 0.125000 13.427463 
180.544817 245.069267 176.601915 251.712929 4.749721 0.125000 0.446700 
432.870162 33.771561 395.222016 49.670763 7.138545 0.125000 51.539395 
480.607797 374.550870 490.755247 375.543466 3.610496 0.125000 0.446700 
415.942062 159.264510 414.430271 172.029586 3.135925 0.125000 0.049493 
646.928271 260.170818 629.376507 258.112154 3.142006 0.125000 9.009420 
503.183657 599.303899 527.263575 619.169186 5.568243 0.125000 33.713740 
637.134176 29.711844 646.436169 22.554664 4.328436 0.125000 1.062131 
462.893138 34.428482 443.887899 38.111331 6.335500 0.125000 8.834003 
495.708668 651.777177 485.611361 643.140946 4.062399 0.125000 4.937389 
523.485003 284.442311 517.176650 318.181401 4.225617 0.125000 24.982281 
365.889643 582.958413 367.292836 595.716525 3.317554 0.125000 5.564706 
544.395293 393.198835 554.651246 390.380132 3.073138 0.125000 1.294573 
243.418743 23.601263 233.940454 29.447146 5.160311 0.125000 2.317198 
733.283643 255.633582 718.052949 257.553390 4.189531 0.125000 0.701693 
1045.603682 54.775352 1056.198300 38.922748 4.172544 0.125000 7.482292 
26.735962 465.526357 37.752925 449.997859 4.766846 0.125000 10.320913 
351.784101 399.105767 361.897390 395.691317 5.936842 0.125000 1.586250 
504.245790 154.104746 519.373592 146.872056 3.481971 0.125000 1.022171 
532.924143 608.346907 509.362254 587.020082 5.824202 0.125000 47.491100 
516.999919 301.922954 517.229868 289.335811 6.066302 0.125000 1.584427 
423.675230 128.311098 417.973485 145.169300 5.937889 0.125000 14.957097 
618.226728 103.422503 602.147104 108.920766 2.457144 0.125000 0.856273 
841.551925 705.957759 804.868310 668.886843 9.857185 0.125000 140.847562 
650.530541 328.028770 648.462951 303.200953 4.671540 0.125000 15.779632 
629.868687 14.285313 620.253191 10.741912 4.429801 0.125000 0.678251 
333.302991 300.225594 320.324991 302.941297 6.629546 0.125000 13.291117 
570.630149 157.791968 585.626564 158.023811 3.826842 0.125000 8.123495 
698.228020 507.874314 681.059090 500.818698 2.480487 0.125000 2.324030 
352.330030 413.483423 332.390935 438.796784 4.432379 0.125000 18.886351 
494.828264 390.445663 519.931102 420.359364 5.249578 0.125000 33.579530 
700.648287 18.223328 690.338439 20.665016 3.360991 0.125000 1.294573 
810.142197 495.975188 795.891444 503.621578 2.874464 0.125000 0.856273 
231.807550 485.465938 249.336006 478.033044 3.940421 0.125000 3.229006 
486.609466 472.090019 460.375916 447.136865 4.020688 0.125000 48.155326 
1002.003454 701.551571 994.106108 728.936985 4.502654 0.125000 24.530497 
118.586517 565.428618 109.138784 543.225513 2.936559 0.125000 10.313300 
588.172298 248.561922 568.105007 248.275437 6.231520 0.125000 18.611031 
522.134773 251.836669 520.483497 240.645880 3.149030 0.125000 1.294634 
511.368795 578.639975 534.969749 602.522525 4.560865 0.125000 48.953304 
1018.266279 157.923185 1003.202971 159.953488 5.693078 0.125000 6.811983 
867.940787 517.781730 885.694430 508.254378 3.142839 0.125000 13.256758 
237.033169 37.412057 244.997449 25.215222 5.916563 0.125000 11.914793 
285.894435 561.928572 281.687343 583.087688 3.441400 0.125000 0.565759 
882.871956 515.423738 874.000786 526.577364 2.934886 0.125000 0.678251 
243.247834 262.410643 218.407528 268.107024 4.392534 0.125000 16.495764 
323.896277 507.970864 328.171911 529.365625 2.943351 0.125000 10.019844 
283.249895 294.767013 275.356383 297.281880 4.331953 0.125000 2.160117 
318.498312 489.275651 322.950250 506.004167 3.136785 0.125000 2.875219 
47.772375 590.817883 52.303779 569.735839 3.323508 0.125000 8.886478 
506.930818 474.863840 494.309910 476.304961 3.975049 0.125000 9.009420 
250.237975 295.746965 262.221665 291.635400 4.358354 0.125000 0.755637 
1075.942550 26.971263 1065.631685 29.403343 2.653424 0.125000 0.878044 
512.013918 420.383242 489.469468 395.539276 6.205959 0.125000 26.050501 
632.844239 356.252351 647.671605 362.888097 5.975931 0.125000 8.457843 
112.432787 514.130818 113.660686 523.221484 6.796256 0.125000 1.586250 
654.965670 371.588509 660.573331 383.150061 4.465075 0.125000 3.673054 
189.824213 140.256781 181.515483 130.120450 5.182245 0.125000 0.701693 
470.609922 327.499284 503.121148 328.284500 4.231809 0.125000 31.925697 
528.506978 573.727352 542.917613 582.226628 4.748403 0.125000 8.774336 
578.244719 132.654256 570.806654 145.728346 6.200256 0.125000 17.314033 
588.965010 119.140669 580.085698 126.484316 5.779476 0.125000 1.132984 
865.126969 513.375872 843.753631 497.289750 4.026427 0.125000 11.285838 
1039.496554 162.413725 1019.233855 158.950915 4.328112 0.125000 19.272226 
43.504365 404.978643 37.151835 395.816389 5.170116 0.125000 3.103518 
496.813512 460.430486 453.948717 425.162349 5.803975 0.125000 72.171630 
735.182939 607.104378 730.545180 598.166417 3.904299 0.125000 2.144809 
213.589649 583.135067 213.210658 600.626856 2.661876 0.062500 0.465069 
688.103182 16.725321 703.147938 14.532365 4.071381 0.125000 9.080779 
489.597909 414.045795 501.509295 427.332223 6.900419 0.125000 10.610945 
644.330405 114.915045 650.634885 125.619178 5.577011 0.125000 3.388061 
544.792146 588.209217 553.428025 545.433816 3.497899 0.125000 27.309039 
303.534296 278.484237 316.784274 284.572450 6.446887 0.125000 7.413112 
458.347311 280.167459 452.462074 293.386373 5.717594 0.125000 15.221514 
520.710968 270.066562 527.663283 256.635993 5.667987 0.125000 3.697493 
520.383354 372.493525 537.121165 399.220841 4.248161 0.125000 15.237476 
703.188676 249.120499 722.011376 253.829931 4.850485 0.125000 9.829864 
302.043918 541.866856 301.799019 574.374428 3.815811 0.125000 17.573947 
819.396841 357.546065 806.820426 357.071615 3.028088 0.125000 0.430727 
484.554808 245.735783 477.810950 256.681508 5.135347 0.125000 0.701693 
685.468215 282.086551 676.830548 275.684979 4.501353 0.125000 2.324030 
540.637319 589.356498 528.516883 581.286430 4.159238 0.125000 11.540561 
654.149127 228.374964 665.927575 225.714628 2.757464 0.125000 1.294573 
660.108577 753.506522 682.832125 784.264841 5.154182 0.125000 49.624005 
570.581823 221.750744 558.993631 225.777497 5.493431 0.125000 1.439328 
307.967609 592.968514 310.173257 608.368727 6.367247 0.125000 2.303840 
267.150022 291.704860 259.153927 284.485388 3.891384 0.125000 0.856273 
641.841785 91.867640 644.599110 79.424662 3.390750 0.125000 0.049493 
723.062489 584.687742 706.475762 581.372389 2.183732 0.125000 5.393494 
350.591275 503.139466 344.380014 488.659026 4.431848 0.125000 6.724748 
491.887143 223.775960 484.709679 237.692310 6.770699 0.125000 10.985709 
457.699264 441.149696 493.624812 470.299563 4.542502 0.125000 54.807137 
8.169742 88.004806 17.489549 91.474090 2.752640 0.062500 1.756317 
859.570002 445.614511 849.263014 454.241202 3.521693 0.125000 4.731220 
364.144186 364.264821 381.684304 367.816705 2.425399 0.125000 0.678251 
568.139002 600.412042 544.374587 600.557533 3.765235 0.125000 22.599588 
457.799202 409.602753 454.390063 423.436752 4.221932 0.125000 2.063821 
858.462286 715.167536 851.002569 709.667516 4.969074 0.125000 0.856273 
277.868825 74.384218 291.804940 77.219375 6.145610 0.125000 8.030730 
560.491061 100.300811 571.864690 101.946263 5.843369 0.125000 3.871122 
513.541618 386.180645 527.581064 407.237661 3.813515 0.125000 29.572226 
553.316710 245.879953 538.319421 240.118882 7.001205 0.125000 9.705207 
1007.476491 687.047754 993.152596 695.670840 6.010030 0.125000 15.522675 
24.422880 84.561720 37.053929 81.322779 5.153788 0.125000 3.871122 
530.088647 261.792966 528.293023 273.533069 5.509485 0.125000 6.280971 
582.991999 129.322971 601.924965 131.424952 4.003954 0.125000 17.496997 
197.724521 568.224073 188.765524 581.071656 4.101299 0.125000 3.603804 
326.838617 540.631261 320.600578 504.379202 3.615749 0.125000 20.889096 
523.890135 544.617255 519.951340 557.057479 5.521401 0.125000 6.188175 
139.293359 278.080960 132.420973 290.820929 3.473961 0.125000 0.265608 
599.754345 457.254740 591.743288 438.887254 5.229082 0.125000 15.214777 
698.831905 528.472353 686.229644 518.602930 3.165783 0.125000 3.980866 
959.318249 472.732004 901.931883 481.018911 4.551134 0.125000 77.018839 
497.933746 379.797869 514.141209 387.128126 4.773132 0.125000 13.731322 
747.828687 750.378471 731.348366 770.186847 2.575366 0.125000 12.429607 
514.029438 483.693629 496.089945 492.791767 5.653909 0.125000 9.302601 
590.699793 449.527475 600.287008 472.019072 5.428903 0.125000 22.670297 
798.786689 294.310592 789.424857 309.405921 3.952880 0.125000 0.290389 
151.802710 260.281798 139.328392 260.847807 2.950703 0.125000 0.678251 
1039.142278 24.227752 1030.054275 32.611349 3.272650 0.125000 1.499657 
38.429739 360.779742 42.482400 352.798697 5.607417 0.125000 2.665806 
313.844417 285.500550 325.381023 283.168204 4.639859 0.125000 1.534494 
532.518514 369.016129 543.163156 388.103721 4.870557 0.125000 10.546059 
631.913275 135.335324 614.341547 136.035674 5.797011 0.125000 9.705207 
886.638151 517.845366 903.074727 515.300323 3.984763 0.125000 1.439328 
21.878876 79.346958 8.217074 77.458800 2.747426 0.125000 1.294573 
1003.157347 160.785620 988.500084 163.737464 4.186807 0.125000 7.547219 
50.635867 613.347574 60.672971 612.857513 4.550440 0.125000 2.144809 
325.068267 457.166185 318.962982 471.701945 4.494528 0.125000 1.750894 
395.920139 50.848367 389.168902 57.928476 5.343823 0.125000 0.755637 
521.351276 451.707397 497.609168 460.478760 4.436116 0.125000 29.454848 
384.899719 586.537031 392.953293 599.040716 4.880390 0.125000 4.431901 
498.449430 60.434739 489.060791 52.234756 4.826544 0.125000 0.539669 
669.963311 395.380096 673.457588 406.371898 7.904924 0.125000 5.526495 
324.587753 110.083629 312.715173 105.417847 5.069959 0.125000 2.343970 
597.062647 1.099328 580.873737 7.503750 5.326373 0.125000 14.091891 
655.907377 343.395254 651.335416 327.025704 3.416606 0.125000 5.277866 
124.255727 525.913089 146.555914 535.145711 3.067566 0.125000 0.944489 
239.899824 286.880359 229.065982 289.149839 4.835783 0.125000 9.873766 
508.227489 586.911886 504.069480 598.464924 6.304024 0.125000 5.475481 
304.719923 86.018223 325.563834 80.398145 8.217635 0.125000 23.088043 
31.391527 258.542368 37.545530 247.240099 3.781885 0.125000 0.502407 
529.072109 580.270845 517.695292 564.688739 5.079380 0.125000 12.122947 
374.111475 546.995396 371.688019 566.852180 4.205999 0.125000 7.273195 
514.051760 394.190432 496.007243 382.533311 5.249799 0.125000 15.990371 
242.061242 484.970866 229.250012 488.975111 2.180517 0.125000 0.535004 
495.194682 476.915796 484.279105 469.516466 3.840198 0.125000 10.884581 
516.693852 531.419122 529.388697 534.314955 2.443784 0.125000 1.417052 
1026.058372 174.440870 1042.328601 163.220203 3.796722 0.125000 5.677228 
516.679047 565.980387 512.516267 578.326847 5.164533 0.125000 5.703740 
613.204854 255.611925 598.088485 248.275979 8.351602 0.125000 14.444383 
1024.287713 154.857678 1034.627713 156.727550 3.912587 0.125000 4.765604 
545.081639 484.047288 539.544888 493.227463 4.281559 0.125000 2.324030 
87.926160 98.112744 69.245890 101.055399 3.772030 0.125000 4.147588 
520.564151 404.419445 513.191845 394.326175 4.502803 0.125000 18.036753 
847.812576 444.222298 836.766643 466.822039 3.545771 0.125000 6.065379 
70.185446 526.864874 70.035528 551.878959 2.612328 0.125000 20.082381 
527.258021 273.193412 531.407026 283.316796 6.731215 0.125000 2.066972 
649.209484 293.159415 652.551842 309.234268 4.131911 0.125000 5.703740 
726.140970 517.610972 708.674020 500.078046 4.437737 0.125000 35.509620 
296.200644 585.880222 288.069546 564.395988 3.348922 0.125000 20.077078 
985.738600 162.738899 968.212902 165.043474 4.858770 0.125000 2.321228 
66.562917 136.382908 58.139585 131.847910 3.301872 0.125000 1.417052 
458.002304 418.269437 499.122763 453.200443 6.136290 0.125000 82.017717 
790.382995 346.733737 801.902688 349.248149 3.101863 0.125000 2.160117 
484.609641 290.645459 486.034699 274.301732 4.170143 0.125000 2.181390 
979.425080 160.983492 1004.289094 157.510057 3.022167 0.125000 10.313300 
1019.281550 458.041758 1029.319848 457.338154 1.680884 0.062500 0.275984 
574.614739 161.378898 561.405507 165.579427 5.577292 0.125000 7.748463 
498.167698 486.963792 511.776308 480.419766 4.419894 0.125000 10.019844 
39.012595 483.297788 46.482884 498.965978 5.693983 0.125000 11.151361 
475.219685 305.380923 485.062353 289.036179 3.638473 0.125000 3.388061 
481.878906 390.613451 498.357713 396.186953 4.771159 0.125000 11.695826 
495.922542 492.602563 484.202591 485.927723 3.403235 0.125000 0.049493 
786.517987 481.819001 789.287074 464.165140 2.615207 0.125000 0.856273 
210.677115 90.897795 198.079618 90.225961 2.760954 0.125000 0.537072 
470.322488 182.447866 487.703991 174.682626 3.545393 0.125000 0.701693 
515.523674 438.469818 502.901981 439.882696 7.453447 0.125000 5.127110 
499.990321 453.355335 520.145111 444.977728 6.251067 0.125000 19.932127 
596.881766 134.280765 577.960059 132.922124 4.629066 0.125000 5.939775 
686.015408 242.375626 671.829952 239.605700 4.667764 0.125000 3.388061 
0.598441 442.923508 28.276607 439.275173 4.275443 0.125000 8.863062 
472.848875 474.923714 496.819114 486.986057 4.516728 0.125000 19.844230 
484.392727 681.788370 476.875425 681.902918 3.200746 0.062500 0.981026 
494.246513 471.363624 516.302606 465.821854 5.166079 0.125000 8.158862 
622.249392 392.260272 610.197708 403.971617 3.661750 0.125000 6.727299 
491.310840 275.214461 486.431823 296.774710 4.716388 0.125000 17.325447 
735.015014 533.448021 728.202722 520.583842 4.160180 0.125000 4.129521 
772.695231 539.793202 750.358936 583.602022 4.827699 0.125000 53.527991 
529.664233 392.877927 514.256291 374.840816 5.444871 0.125000 22.421766 
763.584193 521.537561 738.116755 486.881059 2.815780 0.125000 19.844230 
39.802168 273.618988 28.514452 283.379838 2.162860 0.125000 0.535004 
304.784266 370.206052 324.843980 360.327309 3.381073 0.125000 4.431901 
499.188978 501.582739 519.084846 488.919137 4.122606 0.125000 19.598899 
579.814529 413.181640 582.272962 394.104120 4.601135 0.125000 4.802451 
606.767996 481.903701 599.864041 456.164392 6.184416 0.125000 26.624505 
330.664909 321.705857 323.100586 321.493132 3.228934 0.125000 0.535004 
162.969236 106.563886 148.972704 113.571479 7.828620 0.125000 5.095322 
489.559994 497.709758 499.762554 502.255088 4.058564 0.125000 1.499657 
55.263017 252.714159 75.307653 261.360684 3.308178 0.125000 11.797073 
569.573678 551.632887 563.518163 577.927676 3.750368 0.125000 18.490086 
591.170514 630.867209 602.988909 665.242027 4.654043 0.125000 28.698460 
519.278218 557.111416 528.520050 567.626431 4.580795 0.125000 15.081316 
516.624152 494.050635 503.358054 504.310017 3.507007 0.125000 9.848430 
301.896095 611.871993 299.750375 596.821484 4.773522 0.125000 6.966861 
503.198723 440.666202 476.270101 411.177383 5.134659 0.125000 43.472162 
261.817769 94.936209 243.134594 93.030920 6.344568 0.125000 12.939959 
484.502731 237.962951 485.569035 247.028608 6.791285 0.125000 1.132984 
648.644676 739.882625 656.945929 751.825699 4.906532 0.125000 11.797073 
220.952509 288.032581 205.426993 292.425146 5.333336 0.125000 9.801954 
910.641296 770.766897 930.522626 768.483598 3.054156 0.125000 5.909725 
29.126162 203.831509 24.794575 215.777141 6.082058 0.125000 1.276009 
64.265280 488.076137 69.945177 475.322244 3.059546 0.125000 2.207512 
59.278754 389.430852 64.651774 398.689770 4.326975 0.125000 0.265608 
200.641288 135.728343 217.074119 133.138371 4.288103 0.125000 4.147588 
244.178664 76.579902 259.409251 74.644547 4.192799 0.125000 3.603804 
631.731931 3.264167 639.126808 10.866422 4.480100 0.125000 3.887806 
1066.981047 164.567214 1044.236369 166.239644 6.783167 0.125000 15.726861 
266.827672 40.571176 238.836571 65.184231 7.088954 0.125000 56.805236 
77.636583 654.385894 77.851353 639.371086 2.624891 0.125000 2.144809 
218.114893 34.366148 212.769831 40.469188 5.291715 0.125000 6.508902 
270.197792 248.862987 283.173071 251.651305 3.113156 0.125000 1.370965 
461.757148 219.181963 451.692726 225.326442 7.704010 0.125000 6.674747 
654.349556 130.517296 669.675438 126.896771 3.295185 0.125000 3.296339 
654.340040 245.681725 664.404645 245.386857 3.379635 0.125000 0.537072 
282.131316 601.866917 282.191718 613.123300 2.526794 0.062500 0.981026 
470.659036 401.816713 489.928067 413.068517 5.665133 0.125000 16.351749 
68.094783 146.119612 72.894956 134.281719 4.414603 0.125000 6.588303 
319.335265 154.158936 298.113359 158.061703 4.041377 0.125000 16.179943 
729.869663 764.884557 748.912376 746.398447 4.536901 0.125000 9.239898 
449.698927 437.956941 440.873358 450.795725 4.120374 0.125000 2.343970 
491.781026 722.254079 487.401358 706.726536 5.151573 0.125000 9.025961 
134.662469 558.645340 120.424173 566.511489 4.261712 0.125000 5.157925 
510.127365 370.306266 521.023704 376.128871 3.972296 0.125000 3.296339 
714.350611 340.398710 695.549560 342.425038 1.912533 0.125000 1.417052 
325.296376 138.168909 323.939802 128.016129 5.287053 0.125000 2.875219 
368.267978 336.326789 353.132222 339.410446 4.196460 0.125000 1.132984 
544.877464 404.325922 546.726978 423.261550 3.853753 0.125000 16.649240 
621.242485 256.869584 633.799190 263.045686 2.224828 0.125000 0.535004 
864.248141 416.524208 848.984156 422.044240 2.350722 0.125000 1.294634 
205.527460 293.403810 160.009411 327.716585 5.051949 0.125000 87.369485 
176.772496 261.567691 161.773490 266.570672 4.744673 0.125000 4.431901 
788.133047 350.981335 782.496039 343.045892 4.076225 0.125000 2.144809 
251.670124 493.536325 269.337261 489.220511 2.452373 0.125000 1.499657 
347.304328 359.417375 358.475568 363.388914 2.545322 0.125000 0.535004 
372.431906 19.887464 382.108820 10.793661 7.287215 0.125000 2.628848 
553.297340 250.782763 545.572583 259.221286 6.298143 0.125000 7.512534 
744.542852 573.059128 741.658710 565.709881 3.490813 0.062500 3.863614 
657.880457 548.176271 664.670682 580.563007 3.472796 0.125000 31.134290 
711.880009 78.112207 731.343239 85.733085 3.190248 0.125000 1.132984 
395.828067 0.381534 393.346083 11.054343 5.436316 0.062500 2.170287 
637.741921 523.103197 637.364913 508.112679 4.966992 0.125000 6.447000 
566.746925 411.431684 575.618205 411.984119 4.443023 0.125000 2.144809 
86.559707 128.439562 76.988647 134.157544 4.919600 0.125000 0.755637 
428.125878 480.625446 440.794526 455.690940 5.005846 0.125000 28.694352 
659.024726 358.200700 664.611997 384.053634 3.531121 0.125000 3.664039 
388.557510 514.313136 391.410976 534.262578 3.536765 0.125000 4.640145 
523.473320 473.470372 513.521295 483.507359 4.453189 0.125000 9.080779 
534.571100 376.596750 516.404025 363.793274 4.135656 0.125000 3.325545 
329.357360 49.381033 325.137369 37.041768 7.439479 0.125000 2.963518 
234.727791 259.960687 245.745090 253.324368 9.210991 0.125000 8.495792 
558.236433 18.362364 548.599811 22.886393 9.375989 0.125000 8.030553 
653.800195 319.215881 659.218254 342.206519 4.936455 0.125000 14.562349 
748.717612 582.908913 745.205796 573.277856 3.436586 0.125000 1.294573 
1014.520700 70.695368 1021.323960 56.608868 6.094913 0.125000 6.985419 
236.637820 75.120484 244.892985 77.746912 5.143641 0.125000 0.049493 
300.605350 110.557687 290.381870 113.542139 2.125117 0.062500 1.480104 
505.562447 432.777725 517.113152 430.697143 5.102804 0.125000 0.083684 
708.950778 543.545398 720.160876 554.857478 4.431379 0.125000 11.797073 
174.470719 351.842233 181.768818 373.161349 3.484061 0.125000 3.535589 
460.147976 453.638705 478.942281 471.090993 4.056658 0.125000 15.993308 
120.137628 293.911114 104.298481 310.552169 5.737998 0.125000 16.643763 
656.927462 382.381451 636.938773 380.971130 4.107838 0.125000 5.020008 
698.158116 235.086137 709.442318 235.779618 2.801993 0.125000 0.430727 
548.086873 431.345809 556.192075 417.718803 5.982650 0.125000 4.366647 
888.238120 502.078434 866.166735 514.351259 5.952207 0.125000 33.459121 
60.473871 627.943976 31.779880 630.974322 3.466698 0.125000 27.698065 
705.867986 485.098982 699.165210 475.775826 4.218871 0.125000 4.731220 
929.277046 771.981791 914.386368 773.257669 3.949735 0.125000 6.588303 
651.050424 280.910707 641.204364 275.624006 4.567866 0.125000 1.289670 
354.591137 243.928630 341.874439 227.568706 6.688627 0.125000 11.245485 
792.018374 505.737740 777.176707 524.612243 3.796127 0.125000 19.357431 
511.853882 479.360452 523.831869 461.973067 4.437789 0.125000 15.091835 
608.859410 532.801698 615.663391 548.257548 7.871574 0.125000 14.514934 
5.473462 504.185988 15.220959 496.371044 2.227867 0.125000 2.684224 
23.068301 225.575347 13.694624 236.279174 3.527800 0.125000 3.296339 
704.965072 276.281598 692.496770 263.750060 2.906051 0.125000 0.856273 
1012.056255 46.433123 997.897097 49.608898 3.377933 0.125000 1.289670 
554.629462 610.268096 547.475823 616.075309 8.003701 0.125000 2.487863 
228.504877 288.490902 221.711482 289.391370 4.956646 0.125000 1.294573 
564.896133 286.694306 570.596599 303.134848 5.133583 0.125000 13.499100 
427.611512 474.109868 418.635820 491.493335 2.758563 0.125000 4.282171 
574.451362 575.647191 574.119254 558.082566 7.758595 0.125000 17.639512 
54.566809 257.397253 39.000841 253.294605 3.691752 0.125000 7.547219 
802.228989 395.076100 769.793128 411.453131 3.998472 0.125000 26.277209 
536.584815 614.722229 546.028920 588.616708 4.477078 0.125000 15.603121 
1005.634212 45.646522 1023.137464 38.154118 3.286222 0.125000 2.831947 
18.170095 65.059467 3.165823 63.863044 3.088239 0.125000 2.324030 
475.378233 349.786912 490.874993 345.224046 3.670548 0.125000 0.832737 
261.875015 75.636948 271.878098 75.624550 8.756190 0.125000 5.939775 
958.824337 462.975305 960.724764 471.853645 3.928573 0.125000 3.183979 
109.403591 474.266547 125.830111 478.596953 3.626114 0.125000 1.586250 
902.007917 492.339468 871.814832 487.230591 2.673506 0.125000 18.373439 
75.580095 262.659533 107.019850 259.626471 4.300590 0.125000 18.581568 
620.300403 704.622144 633.322188 721.724864 5.300596 0.125000 20.705864 
491.789649 673.082797 485.098630 686.614730 5.590115 0.125000 7.273195 
864.961574 722.017997 855.602320 717.058758 9.553436 0.125000 24.440390 
989.743696 760.626621 989.831638 740.627008 2.554941 0.125000 1.862277 
424.117951 555.568761 421.075747 569.473618 2.442231 0.125000 1.294573 
986.617263 709.531693 994.711617 698.369091 4.959086 0.125000 10.154266 
1013.888148 198.117785 1013.647096 214.382738 3.694018 0.125000 1.022171 
880.234422 466.172107 865.588978 474.310175 4.248910 0.125000 3.677884 
177.658892 370.388135 170.906094 348.040063 2.866582 0.125000 13.238476 
317.505143 463.427953 321.372662 455.383492 4.506264 0.062500 0.315033 
351.156691 565.703742 349.472524 550.340256 4.970226 0.125000 9.319889 
648.386460 136.789396 631.675331 135.099544 8.090748 0.125000 22.417485 
487.619899 266.259502 501.219360 255.099266 5.178040 0.125000 11.607134 
181.352514 68.510062 194.801124 73.136227 6.647745 0.125000 4.031119 
630.627553 384.509784 654.377428 384.564151 3.744267 0.125000 17.820682 
711.456923 502.054104 707.708200 493.303557 6.894019 0.125000 6.280971 
598.169810 249.660636 588.071885 249.823074 7.458820 0.125000 10.109471 
1017.386293 16.509062 1043.015873 1.686312 2.959487 0.125000 11.914793 
1049.236000 56.141162 1042.616644 70.388822 4.454235 0.125000 0.615808 
76.808081 589.700355 75.013777 575.544035 7.440471 0.125000 11.285838 
129.925426 503.458622 136.911428 518.107628 5.155420 0.125000 0.217456 
197.210947 290.361510 175.880540 297.625394 3.652159 0.125000 26.767937 
922.247273 520.741910 895.589339 511.983542 2.799370 0.125000 7.995691 
22.050449 342.299649 38.136733 335.653397 3.341225 0.125000 3.893240 
41.512860 250.908145 54.470917 253.968929 3.227984 0.125000 2.997052 
477.031740 412.799040 464.926479 406.978134 3.921279 0.125000 5.647330 
551.521156 45.864726 559.939083 49.202277 5.108713 0.125000 0.049493 
156.169779 324.697167 200.951391 290.659843 5.852538 0.125000 75.497616 
8.132483 446.781644 18.068640 447.578111 4.458891 0.125000 0.049493 
48.842155 96.770329 35.231274 102.124017 3.737893 0.062500 0.564378 
306.975367 152.324422 318.259831 151.657964 3.596084 0.125000 5.636684 
519.250052 242.999505 497.950960 264.205675 5.287830 0.125000 25.587616 
641.806497 539.377067 641.580389 531.883890 5.148532 0.062500 0.800372 
800.896855 433.005493 817.546152 470.879460 2.791664 0.125000 33.641061 
478.177289 480.972426 489.435632 497.216643 4.190870 0.125000 13.096949 
909.355305 469.518300 931.825944 469.118416 5.199380 0.125000 8.479126 
556.532282 417.390793 560.975888 409.574481 5.113340 0.062500 0.055971 
647.938461 363.298344 655.733026 371.686200 4.578369 0.125000 9.873766 
709.391682 138.529204 698.121412 138.306913 2.598113 0.125000 0.878044 
698.777859 534.875421 708.178744 543.063293 3.405530 0.125000 6.727100 
786.829686 308.096982 794.495196 295.699318 3.189557 0.125000 3.151162 
887.577986 768.867590 877.298776 779.949094 5.034167 0.125000 4.582597 
577.830861 530.980461 586.094361 537.818387 6.873632 0.125000 3.229006 
626.795890 267.605855 610.893321 257.080907 8.016734 0.125000 21.402405 
51.187226 540.297554 44.718930 526.711259 4.139068 0.125000 3.603804 
687.357093 523.815121 695.121218 532.454371 2.977505 0.125000 1.294634 
859.371580 419.396464 873.169603 421.595085 3.255644 0.125000 3.851205 
167.416711 306.658085 153.547433 313.930613 3.482934 0.125000 9.873766 
500.109978 552.377396 512.641475 534.044486 7.707037 0.125000 13.372956 
651.119556 568.292520 647.186472 550.555931 4.069582 0.125000 9.688514 
295.211613 479.505026 293.085119 472.744370 3.577217 0.062500 2.684224 
55.970781 329.072150 41.824481 334.236620 3.093923 0.125000 3.887806 
191.575625 140.571297 191.096607 154.391346 1.830199 0.062500 0.246997 
655.855015 206.892197 674.223200 205.213758 4.871921 0.125000 13.903462 
1019.371094 320.279201 1008.122529 320.406250 3.181231 0.062500 1.367136 
125.559698 256.045277 139.364854 258.190299 3.513617 0.125000 6.423818 
220.766577 496.229983 208.149268 497.192968 4.890374 0.125000 0.832737 
329.401852 535.370394 326.201533 550.745009 3.006913 0.125000 0.265608 
326.107889 433.450974 334.643633 420.806341 4.480811 0.125000 1.018322 
749.491217 100.347533 737.075178 95.147077 3.833100 0.125000 9.009420 
224.684573 280.883512 246.767606 276.351683 7.159495 0.125000 25.123330 
47.553950 184.174947 37.964128 190.376223 3.393815 0.125000 1.294634 
65.080990 399.585452 61.352861 412.091972 5.022090 0.125000 0.701693 
281.999663 116.059926 269.948326 119.514219 4.462033 0.125000 1.534494 
688.116551 24.343078 677.843688 27.062201 4.655706 0.125000 0.265608 
56.855569 434.065897 62.912321 458.178422 3.941540 0.125000 8.457843 
661.835013 538.833350 676.857703 539.681404 3.955396 0.125000 2.317198 
684.862034 179.019273 654.778056 137.830610 3.923852 0.125000 39.874183 
1063.001983 612.878913 1055.349418 655.575607 4.410491 0.125000 41.732652 
556.162562 546.027414 568.795118 554.039314 3.166792 0.125000 7.284367 
626.986561 337.758103 617.933341 335.005318 6.343324 0.125000 0.539669 
76.802919 321.598195 99.398251 315.714286 2.519998 0.125000 2.568466 
178.143456 257.868053 201.860879 259.571593 4.987152 0.125000 28.784479 
646.973596 36.085271 659.693226 33.360562 3.841780 0.125000 0.502407 
592.174363 439.738456 580.156153 408.304254 4.360815 0.125000 45.528364 
653.212494 311.815027 653.548119 319.299977 4.082198 0.125000 0.878044 
23.617002 212.666929 13.986422 202.322986 4.637428 0.125000 0.832737 
315.630079 259.326272 294.350678 257.108350 4.584309 0.125000 14.189926 
592.955104 50.497457 605.564037 49.682167 4.747612 0.125000 9.193603 
703.539902 400.478933 708.927568 415.782520 2.490560 0.125000 3.895749 
591.704102 540.678271 601.679185 539.253786 4.949784 0.125000 7.284367 
841.854805 433.098713 859.684664 419.400996 4.581841 0.125000 5.743726 
926.347490 519.179989 932.517463 542.038983 4.634985 0.125000 15.725339 
850.057048 778.355444 855.369131 762.633227 7.121514 0.125000 9.570514 
489.483738 397.767304 478.938297 394.561549 3.846181 0.125000 6.727100 
502.500278 73.329139 498.327358 60.558876 3.199663 0.125000 6.727100 
768.584397 374.176352 764.742373 389.467307 3.344576 0.125000 2.080686 
190.356944 161.697467 187.472420 145.742985 3.023001 0.125000 3.151162 
501.830263 251.941988 513.671001 241.105742 5.376333 0.125000 8.518241 
36.771299 56.285303 51.984993 58.674635 5.133392 0.125000 3.114799 
162.071825 296.596807 178.411087 293.287530 6.389285 0.125000 7.868851 
574.076789 557.255217 577.821080 535.572517 5.609687 0.125000 12.835192 
272.994482 608.133257 271.807999 589.379239 3.190049 0.125000 2.568466 
536.346845 502.991116 531.876672 520.625424 3.959108 0.125000 4.910702 
993.839001 735.601803 993.294360 748.186428 2.547033 0.062500 6.394520 
251.946048 455.985003 259.639773 454.466614 5.123754 0.125000 1.294634 
293.266599 29.707047 267.447470 40.717431 7.085180 0.125000 44.312712 
763.083217 743.167730 748.556057 728.962503 4.330014 0.125000 3.697493 
61.427698 283.983166 50.481631 294.221724 2.856693 0.125000 2.144809 
278.414200 199.300285 268.087693 197.045890 7.215607 0.125000 8.532847 
139.152884 299.647294 162.168858 294.418498 4.099402 0.125000 15.891167 
252.300869 197.330791 225.240922 204.086602 6.973866 0.125000 39.878676 
528.958646 536.592290 522.525428 546.066650 3.140702 0.125000 0.446700 
715.760530 51.603533 701.833979 52.450485 2.888141 0.125000 2.324030 
131.000715 546.946131 129.771907 531.842708 3.201318 0.125000 1.862277 
163.103496 67.612068 173.167867 67.905700 7.679079 0.125000 2.386973 
386.890544 370.622772 389.047954 385.671885 3.712050 0.125000 3.673054 
415.503724 499.326189 403.802953 528.397862 2.757160 0.125000 11.361687 
4.379556 215.637744 18.156122 210.712043 2.149894 0.125000 1.417052 
85.688376 107.067221 60.909200 115.236988 5.178755 0.125000 17.110073 
283.457108 112.703176 296.320055 105.640955 5.199368 0.125000 5.189516 
493.881133 250.505535 499.082799 229.001945 4.899212 0.125000 20.287719 
630.660055 402.604962 624.256185 391.946386 4.323445 0.125000 2.080686 
675.658296 417.801343 677.644313 433.346114 5.303901 0.125000 11.126013 
479.581842 475.401891 467.922897 464.592998 2.100674 0.062500 1.902202 
621.954571 221.345596 611.808033 219.820549 3.401186 0.125000 1.294573 
671.191082 293.466036 656.796330 284.501322 3.304007 0.125000 1.534494 
858.028024 450.412586 866.685563 446.460061 2.786305 0.062500 0.603138 
3.340527 391.590256 12.833092 385.191925 7.278583 0.125000 9.801954 
75.641165 153.139483 61.442522 168.987533 3.627114 0.125000 15.104115 
313.075498 27.072816 304.252401 24.864927 6.669935 0.125000 2.568466 
221.876128 205.626897 205.104881 215.602140 7.084980 0.125000 21.162888 
155.859906 299.145178 135.500244 303.833195 3.558191 0.125000 18.361179 
590.911167 286.008883 575.525718 280.925489 3.539811 0.125000 4.282171 
641.082104 529.488497 637.045783 523.425674 5.892367 0.125000 4.707131 
170.926445 116.234784 186.636378 123.631791 6.719524 0.125000 14.562349 
935.899151 759.549419 926.512795 746.248491 3.976077 0.125000 1.880544 
1007.794425 152.319073 1023.419069 155.368003 4.428631 0.125000 4.431901 
2.438852 19.334755 3.539121 0.575973 4.259510 0.125000 9.319889 
82.005770 119.827681 90.748388 117.302128 3.671514 0.125000 0.430727 
225.396038 262.389191 234.867873 259.441839 5.596358 0.125000 10.739231 
457.103260 232.261982 471.005103 217.315881 7.002491 0.125000 21.722937 
505.051210 648.990629 500.999737 655.038678 5.888283 0.062500 0.900842 
498.439458 292.619032 510.837975 287.378916 3.097884 0.125000 3.851205 
202.063447 259.140405 224.518970 261.990796 5.413221 0.125000 27.544255 
720.160716 605.171642 713.188629 593.088286 3.081355 0.125000 3.046518 
998.837130 50.570109 983.185451 57.021655 3.061123 0.125000 7.272865 
1048.110849 305.596259 1031.053175 313.994651 5.020767 0.125000 10.111149 
148.451907 113.745686 139.918710 117.937073 5.058716 0.125000 0.265608 
253.015029 115.987021 283.324193 112.233421 5.092773 0.125000 20.129005 
569.836118 551.325818 557.580166 541.035162 3.522179 0.125000 10.739231 
66.751027 108.997627 87.026697 102.336766 3.562679 0.125000 23.225606 
291.968139 203.800591 284.265292 202.551593 3.268055 0.125000 0.878044 
555.119735 175.199085 546.037830 185.972996 5.284150 0.125000 10.492856 
865.259955 464.063467 841.055462 492.425599 2.902174 0.125000 22.514206 
900.492415 164.241917 912.390813 152.388055 4.444269 0.125000 9.688514 
160.788492 334.203313 177.457127 350.076348 3.491271 0.125000 11.695826 
818.377316 423.842192 821.599295 411.477435 2.710200 0.125000 1.417052 
156.400127 332.475465 150.129687 324.992593 3.677112 0.125000 4.068697 
670.107788 149.269473 667.764414 132.996917 2.918503 0.125000 0.502407 
809.254414 389.629714 822.904059 396.091694 2.614163 0.125000 1.370965 
991.493317 783.563269 1009.632926 747.624267 11.743499 0.125000 127.860950 
582.338359 626.643950 578.421948 639.977927 3.455470 0.062500 0.671221 
804.333892 779.231862 790.636668 783.165627 3.092958 0.125000 1.499657 
150.571498 325.631991 148.902628 312.860056 3.718391 0.125000 7.284367 
191.205612 288.168951 209.614465 279.908671 6.330970 0.125000 27.083815 
477.032760 86.979306 484.294875 75.995562 2.920804 0.125000 0.446700 
705.261192 663.611818 724.484854 677.978002 2.487105 0.125000 11.540561 
1017.149068 701.297696 1035.055221 671.027379 4.106468 0.125000 43.839932 
1078.590958 208.751234 1059.176473 203.923340 4.248909 0.125000 9.801954 
105.432497 587.620863 123.049458 592.167693 2.147243 0.125000 0.446700 
123.103477 646.602443 106.856083 647.885444 1.738130 0.125000 1.781134 
676.443285 163.493921 687.454715 176.379606 3.127309 0.125000 8.123495 
797.711189 435.259342 813.626907 471.655521 1.933386 0.125000 22.945513 
227.879890 175.278233 238.075930 170.519855 6.720851 0.125000 4.722999 
260.540635 393.951787 245.695207 392.436961 4.111301 0.125000 4.129521 
409.377446 755.213377 428.127286 755.158684 2.536452 0.125000 1.666495 
585.614066 649.132745 588.945532 631.792489 8.072823 0.125000 13.685583 
601.784447 539.336274 608.560393 523.492050 6.245395 0.125000 12.480402 
712.782103 743.822697 706.292345 762.539799 5.370890 0.125000 17.017447 
1077.753896 167.154860 1067.736883 164.724997 5.153756 0.125000 5.647330 
305.146658 23.618764 293.546253 28.752228 7.364305 0.125000 2.624210 
351.062738 524.378300 351.104302 503.121049 7.519539 0.125000 24.964619 
517.468223 634.969976 506.856608 645.609994 6.193085 0.125000 5.847670 
791.572307 389.092746 802.105708 392.387401 9.470479 0.125000 2.657092 
1041.192370 675.998136 1017.002018 712.780609 4.666845 0.125000 39.156007 
568.216943 463.051466 563.705439 457.410498 3.395784 0.031250 0.320461 
855.575282 309.792191 866.961504 311.149135 2.926197 0.125000 0.430727 
116.428338 314.446978 134.559698 303.428940 4.543985 0.125000 6.571857 
7.032427 6.846049 10.268059 24.440641 4.945681 0.125000 11.361687 
646.569321 551.530241 641.954417 538.889648 5.759119 0.125000 10.689756 
573.124848 186.101540 581.875093 186.099820 2.501719 0.062500 0.330115 
987.698722 153.263747 993.488423 144.618380 5.898022 0.125000 5.277866 
1062.808959 660.811987 1061.795375 645.547286 8.316683 0.125000 18.611031 
47.987738 518.076860 54.527997 499.428659 4.489097 0.125000 16.179943 
170.347945 347.170006 159.380106 336.869563 3.312014 0.125000 4.115554 
306.238017 585.808327 308.422677 593.399084 3.967126 0.125000 3.587314 
36.295660 270.909049 30.637539 259.368852 2.838562 0.125000 2.160117 
194.266362 491.890276 211.957917 493.409296 2.593186 0.125000 4.731220 
270.444792 174.990993 283.068492 176.210125 5.457483 0.125000 7.289776 
748.351874 731.027126 731.939113 726.635398 3.384361 0.125000 1.299649 
878.770354 558.452781 873.161031 548.105468 3.267466 0.125000 0.446700 
86.652944 557.814334 100.248265 548.096733 4.214495 0.125000 2.632311 
266.878887 197.490248 253.113642 197.577217 5.023592 0.125000 8.693242 
636.798898 507.763478 624.068542 499.869195 6.077224 0.125000 15.091835 
633.335271 721.926860 647.951935 739.741384 4.583832 0.125000 23.712639 
805.300311 421.305167 800.611250 434.263010 7.052442 0.125000 8.457843 
943.006297 648.261616 918.822417 623.688627 5.303132 0.125000 35.255472 
577.011440 353.516832 571.522142 360.639753 3.782289 0.062500 0.804121 
613.122371 196.857500 598.086194 199.116730 2.843712 0.125000 3.851205 
551.522894 525.073106 574.882188 510.169970 6.122582 0.125000 27.948285 
693.169599 338.512622 710.582901 336.509100 7.022209 0.125000 4.430218 
543.185314 274.608703 540.445283 260.660304 3.416899 0.125000 0.502407 
721.335115 556.115404 727.328279 562.713264 3.616265 0.125000 0.430727 
905.607611 539.222353 919.649804 551.562287 3.755848 0.125000 2.181390 
1055.620314 157.718811 1068.133812 157.788309 3.805480 0.125000 4.812972 
221.806993 349.690769 240.630067 350.508329 5.212255 0.125000 6.171555 
584.948034 466.572684 590.435871 476.974779 2.733458 0.062500 1.421127 
999.851412 221.175842 1011.387532 210.116516 4.511669 0.125000 4.910702 
516.300115 527.039921 519.751462 512.911607 3.615125 0.125000 1.534494 
59.234910 165.487397 67.280919 157.295910 2.738650 0.125000 2.684224 
499.239961 334.935176 478.017899 329.819283 2.434690 0.125000 0.755637 
897.157076 603.788534 911.629987 611.109377 7.243729 0.125000 23.685087 
500.885163 655.799438 495.090024 664.442535 4.849026 0.062500 4.619143 
320.377590 75.378778 326.632028 69.131740 4.420986 0.125000 1.370965 
667.614873 575.602467 666.927939 553.047249 3.672158 0.125000 13.731322 
57.745756 574.288897 55.464127 584.338476 3.246644 0.125000 1.294573 
322.793505 245.328287 337.606046 228.779340 3.334673 0.125000 3.535589 
711.202814 523.851552 720.686033 534.319709 2.557581 0.125000 0.446700 
800.565635 476.901372 793.300469 460.547050 2.157300 0.125000 2.144809 
145.892030 312.582473 158.072219 307.985162 3.663160 0.125000 3.151162 
324.542647 282.192107 344.822174 271.470839 5.905606 0.125000 7.844751 
1062.373747 690.521149 1063.861658 661.848361 9.256473 0.125000 57.070603 
437.067444 470.207776 431.363313 484.666277 3.701775 0.125000 9.004670 
499.862282 685.530781 497.847513 701.840722 2.787637 0.125000 0.856273 
128.847730 249.863120 141.979078 240.775388 6.245459 0.125000 13.664245 
200.709638 63.197788 205.393747 57.751117 4.473294 0.062500 0.308405 
1004.412639 206.931190 1010.716021 200.717332 3.466094 0.062500 2.114846 
803.948063 648.028874 804.989871 656.949177 3.208136 0.125000 1.417052 
1045.702595 652.915524 1041.829920 674.590286 5.450406 0.125000 14.856840 
382.401202 72.031713 377.579834 49.763681 4.685003 0.125000 7.156952 
585.533909 281.097353 614.647534 286.711772 3.726066 0.125000 7.489308 
162.613894 601.770438 165.905204 585.682324 5.872640 0.125000 1.951162 
494.870834 607.067397 497.244557 585.527972 7.875792 0.125000 20.623390 
1070.740231 734.830179 1054.292275 732.445608 2.133797 0.125000 2.300072 
66.722356 322.974065 79.783544 309.764973 5.362932 0.125000 16.312172 
564.317764 274.580059 583.330987 279.887010 3.220302 0.125000 15.081316 
186.217937 197.582567 197.796724 186.681805 10.011420 0.125000 21.170132 
891.602349 585.196423 896.489807 596.342047 3.654737 0.125000 8.502403 
991.402098 770.202629 988.157111 783.439311 3.986872 0.125000 4.282171 
875.268991 533.369207 896.512191 525.849994 2.627989 0.125000 0.083684 
170.551775 122.657182 166.348593 112.084269 3.722758 0.125000 1.370965 
772.810454 21.952638 781.936641 24.114826 3.648986 0.125000 0.430727 
142.919812 158.329804 127.291828 142.707559 3.538780 0.125000 4.722999 
325.121666 346.625576 331.326945 334.103415 2.675072 0.125000 0.537072 
567.674727 254.973197 586.902836 263.058804 4.242695 0.125000 7.561865 
627.612910 555.889790 636.088721 572.281567 5.665501 0.125000 18.114297 
709.298485 374.152695 730.221058 366.951393 4.474941 0.125000 18.123984 
799.734915 783.972243 812.573156 778.518466 3.624498 0.125000 1.862277 
256.209858 571.700369 253.818890 580.807179 3.052902 0.125000 0.535004 
602.006948 446.493318 614.716539 450.887039 7.905208 0.125000 12.666230 
159.193436 335.476902 152.410701 343.792362 3.084444 0.125000 0.430727 
882.762737 476.090455 850.265339 491.096089 4.102233 0.125000 22.008593 
874.732737 528.406086 885.749833 518.260557 1.988033 0.125000 0.535004 
611.306144 576.122810 604.924641 580.948926 7.246943 0.062500 1.543540 
819.699592 440.676962 818.712182 423.092029 2.846459 0.125000 9.873766 
168.435300 106.786095 170.941752 115.534247 3.780454 0.125000 1.294573 
171.794355 208.023459 185.253823 197.333765 8.003855 0.125000 17.540026 
594.204102 380.583343 616.956153 383.801207 3.350604 0.125000 12.759063 
714.251189 359.025086 724.317753 355.463209 2.911101 0.125000 0.535004 
1016.056209 739.906098 1044.400213 713.151711 14.739381 0.125000 137.998563 
70.900239 509.855486 63.736962 495.323347 3.379426 0.125000 2.080686 
301.724284 74.884991 316.933877 76.187461 3.629672 0.125000 8.162579 
601.374281 611.515457 580.949339 639.960326 3.748361 0.125000 17.684278 
738.708577 559.939091 716.988563 534.278875 2.204834 0.125000 10.492856 
142.372778 240.006043 152.723623 228.917140 7.859014 0.125000 23.882652 
323.515384 217.002218 312.315497 213.108089 3.113031 0.125000 0.446700 
654.426506 524.358559 658.032324 535.654583 7.575382 0.125000 2.624210 
769.352556 311.059334 779.379360 310.783434 3.817346 0.125000 1.294634 
870.585061 780.592071 885.750600 762.197957 5.227683 0.125000 16.351749 
487.416973 705.703543 489.800622 689.255531 4.966173 0.125000 10.339609 
602.847608 357.846594 582.811208 377.810062 2.047597 0.125000 3.980866 
993.625721 749.227448 991.589988 759.565031 3.920855 0.125000 5.636684 
214.091615 236.393853 189.136275 251.092000 3.997887 0.125000 24.304771 
294.606040 77.784818 304.935261 84.800076 6.574890 0.125000 2.321228 
508.819695 680.553504 503.314677 723.310361 3.400055 0.125000 32.463984 
696.982269 326.062383 712.287917 322.308645 4.856089 0.125000 21.028989 
99.528621 629.401411 99.882188 610.611023 2.805269 0.125000 7.284367 
495.682372 664.944464 492.279512 672.756723 2.791182 0.062500 1.506327 
752.129200 731.279016 733.483652 702.889447 3.165431 0.125000 20.094927 
1051.106258 319.869440 1040.990117 329.715879 2.711111 0.125000 0.446700 
425.972659 490.503916 427.290814 480.680798 6.693216 0.125000 1.880544 
494.191690 605.990465 475.203089 596.466164 3.915940 0.125000 7.273195 
609.491568 321.151832 601.550600 322.908863 3.661445 0.125000 0.535004 
151.235262 228.231630 160.019949 224.279955 5.475460 0.125000 0.755637 
458.537821 474.734162 464.080031 461.749103 6.729691 0.125000 8.154735 
1042.892737 713.427991 1058.908597 693.510212 9.148887 0.125000 55.647447 
222.233110 49.764324 233.363984 39.525861 6.071156 0.125000 12.635104 
691.525137 584.020371 671.390743 603.884146 3.631134 0.125000 4.703885 
1058.340081 665.689905 1049.103583 696.297522 4.291155 0.125000 27.687040 
159.725359 224.370004 166.121239 213.414712 4.948214 0.125000 7.547219 
270.656505 404.179306 284.647600 406.431714 5.532473 0.125000 2.710406 
748.533292 586.565246 742.264949 603.598487 4.317035 0.125000 9.891776 
822.942840 456.653559 819.805886 441.526430 5.911103 0.125000 17.147986 
958.139886 67.151297 946.855296 67.759267 4.992759 0.125000 1.534494 
137.899628 304.070656 122.831601 315.228791 3.458783 0.125000 14.977390 
265.773733 519.571179 267.369386 508.194340 4.060889 0.125000 1.666495 
505.459493 10.331795 517.201625 3.703632 5.249400 0.125000 2.181390 
631.711674 526.389261 628.241740 536.485515 8.754628 0.125000 5.847670 
507.586207 705.757460 515.079662 665.523433 4.661959 0.125000 34.818628 
857.691596 407.032825 863.701254 411.526117 3.998879 0.125000 2.684224 
710.991751 674.076614 701.999308 663.023864 4.486629 0.125000 0.389873 
726.592948 319.425866 746.899448 317.087291 4.824160 0.125000 8.764798 
45.695097 345.681504 53.535047 335.955533 5.461712 0.125000 1.018322 
103.934593 165.278955 110.571149 156.832687 2.674761 0.125000 0.535004 
728.148099 380.260801 708.070305 378.987358 4.138094 0.125000 1.584427 
1019.278719 38.058184 1028.790417 24.351865 7.272703 0.125000 10.669184 
140.095860 347.365100 154.045389 337.651644 2.857193 0.062500 0.671221 
469.324835 396.879628 467.016652 371.861931 3.178466 0.125000 13.578132 
121.848879 628.122518 123.637083 609.304877 2.871677 0.125000 2.875219 
728.480898 563.937041 735.660787 571.842498 3.701306 0.125000 2.144809 
873.983258 420.883901 886.982934 440.553667 4.896636 0.125000 10.748869 
896.941209 528.957362 914.592095 531.755597 6.112656 0.125000 7.868851 
383.148271 386.771554 382.139374 374.353521 5.925808 0.125000 1.339095 
615.569746 450.648644 629.404301 450.025324 4.252558 0.125000 6.084500 
770.511710 354.088074 766.505865 338.218176 3.035824 0.125000 1.666495 
889.182322 573.827901 901.764805 577.276997 2.741514 0.125000 0.446700 
119.386691 51.366957 130.630737 51.625713 2.017799 0.125000 0.878044 
294.179310 266.726161 312.903637 268.284611 4.981245 0.125000 2.271535 
527.066141 239.149781 539.992512 250.120253 6.982555 0.125000 0.101318 
657.281091 136.585383 667.152666 150.426973 2.477167 0.125000 2.997052 
413.239613 572.234354 399.397129 570.453037 4.799567 0.125000 1.880544 
1007.800563 725.681850 999.853527 738.911579 6.432949 0.125000 1.632853 
273.863589 236.346218 284.787320 240.881990 5.468566 0.125000 0.389873 
555.007734 271.673250 564.192266 275.676253 5.876503 0.125000 11.540561 
901.009672 671.415769 919.151532 666.110790 8.601863 0.125000 3.262458 
497.407346 729.101560 504.025338 681.478989 5.397650 0.125000 46.920748 
505.306172 330.455300 518.930484 327.395629 5.576143 0.125000 7.748463 
835.383671 402.733557 849.562303 400.648976 3.346469 0.125000 5.576617 
934.246624 224.395316 942.605001 215.026253 6.227464 0.125000 5.020008 
1053.340146 761.975549 1033.112917 758.189557 2.457326 0.125000 6.423871 
544.776471 457.233526 549.756605 469.020078 6.373385 0.125000 13.731322 
575.946625 338.928310 590.655056 341.716444 2.657886 0.125000 0.537072 
731.882734 366.775467 751.859245 368.327758 4.694452 0.125000 13.499100 
42.615695 563.196658 45.940941 586.830548 3.713425 0.125000 8.314889 
425.672596 14.463225 439.494029 13.971642 7.717413 0.125000 6.066919 
839.546099 431.430592 830.612172 453.119716 2.856474 0.125000 7.886657 
1016.601962 712.874928 1006.436776 723.973635 2.204598 0.125000 2.160117 
317.537511 557.235502 326.358775 541.024280 2.378095 0.125000 0.049493 
729.408539 215.717125 740.949234 211.515603 3.843086 0.125000 5.564706 
875.234207 453.768100 849.281366 470.479587 3.901359 0.125000 13.675738 
902.197995 577.767190 915.369969 589.657520 3.711485 0.125000 10.019844 
431.573755 488.027117 423.510067 512.843959 2.467567 0.125000 2.063821 
1041.533006 304.122102 1054.228924 301.233067 5.262142 0.062500 2.763237 
119.756520 528.234205 121.188024 539.618561 5.420217 0.125000 1.586250 
518.149314 506.887513 528.380873 487.006684 5.589791 0.125000 14.718361 
1058.150475 124.547120 1040.663525 127.135296 3.526575 0.125000 0.832737 
534.257303 480.137482 536.233975 474.592070 2.907305 0.062500 0.275984 
453.063436 313.801415 465.573575 314.940018 3.961163 0.125000 0.265608 
547.591702 262.218534 555.401192 270.958007 4.799024 0.125000 13.519650 
802.373521 530.386825 796.516923 548.865335 3.079892 0.125000 2.568466 
995.810090 112.667974 1005.519851 90.043412 6.241197 0.125000 18.281836 
1061.290140 644.473821 1065.395612 616.840919 5.546269 0.125000 41.729547 
866.699374 446.280048 884.395986 444.595456 3.140846 0.125000 5.761687 
1053.066546 265.440584 1069.993211 260.075397 4.010921 0.125000 5.412552 
96.905931 264.990186 80.634218 265.808325 3.061780 0.125000 0.755637 
473.267126 71.331599 484.562975 69.059542 4.415837 0.125000 0.265608 
25.724090 67.046005 36.857447 60.594708 5.124755 0.125000 8.519543 
906.940368 509.248343 925.344387 518.746719 5.625487 0.125000 11.476436 
1046.842995 743.307181 1063.032548 746.151269 2.029732 0.125000 3.587314 
203.800323 238.316082 224.931925 226.847919 3.798320 0.125000 15.699298 
493.297466 509.592903 498.350882 534.582101 7.323946 0.125000 35.025452 
710.412712 328.313070 695.508558 331.292519 4.412919 0.125000 4.915074 
804.568490 657.977235 813.678791 669.906682 3.504217 0.125000 9.009420 
990.514530 737.260927 985.689598 720.252085 4.451884 0.125000 14.398974 
887.016709 442.829265 874.393610 441.672010 3.506103 0.125000 0.856273 
984.196394 692.729712 1008.257205 671.837666 7.177868 0.125000 34.597211 
1048.093388 17.413633 1064.477677 16.685536 4.662109 0.125000 4.910702 
554.689358 375.518798 550.642895 363.541251 3.086895 0.125000 2.144809 
815.324356 470.757929 800.389243 436.979239 1.648715 0.125000 14.211102 
206.989240 57.158949 219.479167 52.133910 7.184512 0.125000 11.355977 
158.381128 645.950677 117.203224 652.644200 4.303088 0.125000 35.764890 
982.823006 720.691634 986.153152 735.784274 2.727914 0.125000 5.636684 
205.039827 184.741279 213.290518 182.478528 4.849858 0.125000 1.370965 
951.313527 32.476119 969.445859 27.114642 6.431593 0.125000 15.311795 
441.678797 455.476055 455.278717 437.561044 5.050849 0.125000 35.413858 
734.043467 702.148845 719.874445 684.994954 3.184196 0.125000 6.188175 
739.179752 277.243757 754.054463 285.119562 6.823608 0.125000 11.896703 
779.135381 538.105678 777.124463 563.044322 2.692846 0.125000 9.193603 
847.520454 400.917514 857.462963 404.814205 5.976601 0.125000 3.347255 
1042.048998 621.590199 1029.053748 613.650829 2.785046 0.125000 0.678251 
108.030463 99.774273 123.124172 100.639454 4.316121 0.125000 4.640145 
701.386150 662.559822 689.610068 646.700455 2.980778 0.125000 1.793363 
523.753489 36.392742 534.217483 44.863680 8.188821 0.125000 6.783543 
620.558397 509.048686 622.293339 521.986524 6.270512 0.125000 14.545774 
666.730792 552.301311 662.701047 539.122417 4.583797 0.125000 0.389873 
767.051568 354.463621 768.597516 373.189188 5.085895 0.125000 15.301677 
67.278841 530.869803 61.456808 510.745987 3.066071 0.125000 3.105665 
423.874808 504.577760 427.365386 491.669588 2.739620 0.125000 3.027217 
506.350808 734.417844 507.981502 706.792743 3.669825 0.125000 26.107649 
941.786623 462.776204 925.624093 466.871421 3.053826 0.125000 1.862277 
1056.903075 730.316511 1070.652952 731.567864 2.941521 0.125000 0.537072 
8.448908 42.467875 17.494021 38.075608 3.984122 0.125000 0.537072 
551.869701 158.540967 561.884000 158.668541 3.204309 0.125000 0.878044 
1040.121279 705.125158 1028.914925 716.418467 4.470623 0.125000 11.677931 
621.961593 429.076454 604.147458 423.909497 2.437463 0.125000 3.151162 
969.742368 166.515030 958.807498 171.028501 6.052530 0.125000 0.615808 
968.197311 721.679143 970.788259 755.707745 4.226364 0.125000 28.362030 
992.862225 79.706366 1010.745603 73.470891 10.265568 0.125000 26.205318 
481.908826 145.915509 492.062263 144.733272 7.883379 0.125000 3.846738 
868.169274 429.320114 859.444223 445.740195 6.313484 0.125000 16.537013 
1013.493011 192.082836 1020.426031 179.806687 5.583056 0.125000 1.990967 
227.755433 12.466364 239.396016 5.934724 7.870631 0.125000 1.022981 
365.282753 318.028388 369.389061 303.481828 2.514328 0.125000 1.294634 
697.322451 305.983361 680.240913 324.011072 7.449485 0.125000 43.074582 
96.115023 331.440273 90.264160 341.668590 4.032036 0.125000 3.980866 
756.905936 783.158435 776.354610 765.163554 3.464288 0.125000 9.829864 
649.239040 112.386178 674.450343 119.091729 3.058598 0.125000 4.722999 
724.551815 679.336652 758.975316 709.826253 2.753628 0.125000 19.587960 
159.363269 258.224716 176.883674 258.376994 2.597681 0.125000 7.382180 
1070.754799 712.128321 1054.332844 720.542727 3.907416 0.125000 2.927647 
226.905582 321.883997 216.294273 357.954159 2.398370 0.125000 24.316897 
758.180559 217.043341 768.314370 213.698780 3.561065 0.125000 2.144809 
766.014441 316.738206 770.609346 329.819568 6.725316 0.125000 13.166645 
166.059299 30.419627 176.904055 31.610378 5.371952 0.125000 0.539669 
213.368858 184.099869 227.267685 174.930690 6.905191 0.125000 14.741695 
214.439179 355.643583 223.130709 325.626653 2.591327 0.125000 13.731322 
451.262555 10.446371 462.569561 16.909981 5.892516 0.125000 6.714864 
33.289836 615.384603 46.881612 613.165500 2.450997 0.125000 3.183979 
571.753607 612.788270 588.128603 606.884994 2.382977 0.125000 0.678251 
1013.634880 556.272571 1025.327023 569.635717 4.468439 0.125000 6.231396 
809.811100 619.464291 804.155552 647.086006 3.539385 0.125000 12.892400 
493.084774 706.668424 496.544796 726.931384 5.950428 0.125000 26.095943 
896.811210 776.995575 910.658238 776.213491 2.989438 0.062500 2.993963 
729.522194 527.892810 712.843277 517.319402 3.629162 0.125000 2.927647 
791.894136 588.259291 792.972335 598.141656 2.891976 0.125000 0.878044 
652.209994 544.317007 652.944131 564.381618 3.564671 0.125000 4.147588 
272.062395 417.851809 255.695354 420.991727 3.347206 0.125000 0.539669 
371.497052 479.281539 383.506931 483.206271 4.341061 0.125000 0.255139 
613.077467 694.412460 621.162600 704.671556 6.248209 0.125000 8.252700 
226.297976 603.040034 223.792911 583.198491 3.263180 0.125000 10.751858 
435.446304 54.204365 440.356490 49.062215 5.342671 0.125000 2.144809 
524.028256 440.948806 531.886769 449.364009 5.709658 0.125000 0.701693 
760.082342 709.756415 801.549040 743.525265 2.698989 0.125000 31.865675 
504.594970 660.405444 499.936339 682.261095 3.506788 0.125000 14.398974 
747.087939 387.673739 719.496245 390.541531 4.376032 0.125000 21.716812 
567.223756 328.395809 577.040496 315.753508 5.587137 0.125000 8.314889 
873.233450 442.488349 864.320076 444.064372 2.897100 0.125000 0.878044 
1004.633016 241.232649 995.870558 244.953309 5.090844 0.125000 1.062131 
1064.417506 744.137391 1046.810137 740.987586 2.240813 0.125000 2.997052 
118.575977 631.748360 110.402813 636.492193 4.672123 0.125000 0.049493 
824.369806 421.894870 841.973969 426.496370 2.845019 0.125000 1.289670 
595.767933 440.449617 602.445255 445.891504 8.003576 0.125000 5.939829 
734.050123 382.159806 742.665528 379.259929 3.101588 0.125000 0.535004 
755.630561 323.421422 733.138616 323.290249 5.094683 0.125000 15.225916 
1026.128162 311.430539 1038.901486 305.800668 5.214988 0.125000 0.944489 
383.372413 35.756026 377.350588 47.126864 3.818995 0.125000 0.265608 
786.880119 285.131943 774.376556 285.095219 3.757326 0.125000 1.062131 
944.956343 732.777587 958.972455 723.750013 5.183237 0.125000 9.286441 
927.035346 106.993399 933.421867 98.344205 4.637889 0.125000 1.666495 
969.150508 757.716907 955.427478 765.265935 3.175932 0.125000 3.296339 
92.824273 479.627055 111.637933 502.073697 2.381164 0.125000 14.113397 
708.145674 347.232193 695.623443 346.942227 3.864745 0.125000 3.980866 
449.232219 333.520511 444.495630 316.840745 4.453699 0.125000 6.714864 
539.596832 446.743458 545.711897 457.055918 6.213410 0.125000 7.748463 
797.461389 619.172053 801.086979 629.647731 2.270243 0.125000 0.878044 
1058.161263 752.922396 1039.342922 749.554223 2.551825 0.125000 9.131641 
627.168429 345.192008 636.067191 351.222490 3.881809 0.062500 0.900842 
1010.871121 114.591960 1002.704517 123.856232 3.730130 0.125000 2.324030 
573.331525 619.388299 572.043841 639.385872 4.748695 0.125000 12.635104 
657.401928 584.407344 655.778686 548.118126 4.025542 0.125000 16.200635 
963.355005 22.128018 973.247796 13.135015 3.868037 0.125000 3.472503 
461.155929 294.963621 474.577858 289.914221 4.529315 0.125000 0.701693 
1066.093425 618.716963 1068.933352 610.472861 4.727371 0.062500 0.900842 
110.611791 594.440440 102.920535 592.887945 6.868418 0.125000 0.755637 
616.378821 511.540990 605.273250 486.476995 3.920950 0.125000 14.191113 
886.967440 783.252551 895.674019 776.942637 3.144959 0.125000 0.430727 
914.682016 92.332972 922.747278 86.926165 3.822453 0.125000 1.294634 
678.063378 79.902692 666.820721 78.589810 2.918084 0.125000 0.430727 
480.435345 22.389553 501.871557 16.861647 5.701736 0.125000 12.036294 
925.322265 559.268659 920.864525 571.959137 2.765787 0.125000 4.954161 
1002.847607 669.089040 990.785167 680.790113 2.201057 0.125000 0.535004 
454.801831 491.967401 458.532585 474.733837 7.330204 0.125000 24.530497 
359.307886 611.389140 388.197318 607.398535 3.885770 0.125000 10.748869 
496.916512 679.684118 501.782703 659.352909 2.483136 0.125000 9.873766 
296.896955 601.144760 283.118738 601.726749 3.641154 0.125000 1.666495 
743.610251 360.672469 729.086737 366.104240 5.263894 0.125000 4.582597 
559.519692 438.451009 561.718077 429.046132 8.156688 0.125000 9.096170 
629.570232 536.715186 631.390757 553.178548 5.107096 0.125000 11.914793 
783.046491 762.994172 797.016516 754.610823 3.000383 0.125000 3.151162 
1047.138116 268.678904 1030.488572 276.587796 3.923603 0.125000 1.018322 
982.900074 456.368438 994.592540 459.905974 2.975856 0.125000 4.954161 
224.799719 61.990178 228.615617 47.919066 3.721516 0.125000 0.255139 
730.733964 350.591799 727.521072 340.047271 4.680182 0.125000 6.423871 
736.124050 347.344774 756.558697 360.415237 3.390098 0.125000 0.889213 
948.024596 686.912726 956.772383 710.193876 5.120167 0.125000 25.096670 
67.071126 558.134996 67.392083 551.837645 3.936018 0.062500 0.603138 
260.487058 453.252522 273.103745 451.702045 4.484334 0.125000 4.282171 
784.410841 444.412727 792.097975 437.109703 4.676561 0.125000 0.265608 
49.167169 31.261133 64.565495 36.291930 5.140970 0.125000 7.752915 
1072.220234 641.917670 1073.779585 629.301408 3.108355 0.125000 2.144809 
62.123073 494.488554 51.875680 516.875311 4.970547 0.125000 14.414085 
610.599143 678.131196 614.133927 692.883248 3.064230 0.125000 7.382180 
133.743976 606.812899 135.233912 621.663415 4.975024 0.125000 2.487863 
348.025823 592.626037 330.712911 596.067278 5.886386 0.125000 7.541148 
74.035304 618.140769 73.935623 608.092159 5.074149 0.125000 2.875219 
611.978411 391.810222 599.356372 392.911500 6.009045 0.125000 3.974115 
501.615325 568.067778 504.153247 556.550683 4.469133 0.125000 6.483799 
499.331114 583.130087 496.867317 561.875891 4.156866 0.125000 7.110275 
554.643887 217.590155 564.640644 213.831528 3.289635 0.125000 0.430727 
578.355218 715.617598 575.862157 638.077185 6.122148 0.125000 95.362502 
214.405718 485.864174 200.720910 487.621767 3.400980 0.125000 0.856273 
734.775851 572.695704 748.028146 585.723523 6.300202 0.125000 14.562349 
894.915389 511.723239 883.411630 514.370542 6.371133 0.125000 3.974115 
1009.268104 660.455767 994.030937 670.080293 3.504949 0.125000 0.389873 
872.489148 547.480001 856.475246 532.232044 2.499308 0.125000 5.647330 
89.096260 340.150508 80.244950 345.350210 4.147084 0.125000 0.678251 
863.481123 494.606217 857.060441 504.495400 2.520222 0.125000 3.587314 
937.895339 613.048056 943.044374 597.679200 3.958877 0.125000 7.705471 
1045.705402 770.158740 1026.868868 766.910559 2.293898 0.125000 4.707131 
971.482543 467.764030 981.097888 457.309948 2.356264 0.125000 3.027217 
1043.077013 747.144747 1058.263514 749.846382 2.544282 0.125000 8.102764 
771.735368 553.665897 775.522856 537.138040 6.092089 0.125000 10.242487 
722.205817 341.940943 720.145361 352.277724 5.640698 0.125000 4.686173 
811.718696 471.944379 797.867667 440.739222 1.900241 0.125000 15.952339 
128.174115 425.298438 136.914408 426.612980 4.677308 0.125000 0.678251 
954.186304 765.573375 949.383761 783.127397 2.638887 0.125000 5.576617 
994.401695 94.406122 984.213940 103.144548 3.390236 0.125000 3.046518 
79.389217 655.940195 23.121714 656.224357 3.737327 0.125000 36.096759 
150.759303 96.258428 159.386499 94.429236 6.632619 0.125000 2.568466 
347.528539 613.426673 355.407353 610.108249 4.911568 0.125000 2.997052 
561.910571 369.794406 564.458784 354.388859 6.574194 0.125000 3.659437 
1074.348223 724.685784 1060.592639 723.500592 2.061558 0.062500 1.756317 
680.842185 334.486655 684.224828 365.776369 4.937437 0.125000 8.714046 
85.617356 529.388832 95.923643 535.084617 2.677504 0.125000 1.417052 
432.491223 503.243249 428.193782 525.638199 1.155446 0.062500 1.756317 
1050.173859 693.948265 1039.869105 704.842374 4.245765 0.125000 9.848430 
542.490459 496.631281 548.302975 511.309529 4.867251 0.125000 11.299401 
992.793827 232.922080 1000.409510 220.492963 3.081173 0.125000 1.499657 
84.596659 533.371400 75.463923 531.354304 3.276919 0.125000 3.587314 
292.752408 178.122171 313.975411 184.462537 7.653263 0.125000 22.938479 
532.106064 764.134205 507.851559 739.645829 2.783086 0.125000 0.894319 
839.377828 423.115123 825.346568 419.097372 2.578104 0.125000 3.027217 
961.735683 223.586699 944.313286 218.329521 3.951220 0.125000 0.615808 
615.432275 351.554280 624.986745 345.812860 2.819488 0.125000 3.587314 
66.731875 362.837801 60.783858 369.675884 4.470129 0.125000 3.851205 
903.950966 211.631172 912.402833 203.613705 7.882269 0.125000 4.410330 
626.362045 450.406962 645.968723 433.334214 9.914311 0.125000 40.744785 
391.728272 553.616182 374.160028 557.013256 3.722519 0.125000 3.603804 
551.121889 672.884271 567.738181 620.900913 7.720059 0.125000 103.678260 
981.338542 191.222981 983.504751 184.109973 5.457217 0.125000 0.537072 
504.485028 172.011392 491.879602 182.180223 2.702413 0.125000 2.207512 
754.634711 434.262604 764.671960 457.455519 3.287293 0.125000 5.322199 
460.462960 40.174782 472.724317 35.761729 4.281252 0.125000 0.255139 
669.554426 541.734133 687.025840 563.987948 4.631412 0.125000 14.605408 
696.226263 283.457636 709.486972 278.419732 5.725203 0.125000 6.990589 
931.174639 574.449967 933.834507 599.299054 2.664371 0.125000 4.379192 
1052.808381 721.481571 1025.128205 743.757685 2.587640 0.125000 24.297348 
382.777479 146.328718 392.620154 133.706042 3.825620 0.125000 1.299649 
394.404378 597.028664 423.293362 591.505644 1.679046 0.125000 10.279757 
888.022737 461.683847 880.179920 465.879585 4.998396 0.125000 0.678251 
246.888916 585.334436 250.983562 567.915451 5.153370 0.125000 8.604679 
358.549587 7.072003 362.138827 22.110372 6.369437 0.125000 4.004078 
1025.663886 720.660344 1018.538032 728.500406 3.531515 0.125000 4.068697 
1060.247617 713.609191 1078.293271 704.716465 4.484995 0.125000 10.057396 
447.205017 472.795773 439.955880 485.235063 5.399962 0.125000 2.386973 
1040.551064 752.314038 1056.762325 755.044077 1.855389 0.062500 5.044337 
1024.740610 744.692227 1014.876834 756.060423 2.263123 0.125000 3.587314 
687.926101 517.231821 709.454583 529.232230 2.257944 0.125000 1.534494 
496.828281 734.402572 503.367123 745.482105 4.694307 0.125000 3.347255 
572.485595 646.893956 573.375283 676.904637 4.192844 0.125000 13.982902 
381.313807 362.168967 386.231620 371.557237 2.794587 0.125000 0.535004 
413.084918 60.334474 423.236601 58.933927 6.917124 0.125000 0.615808 
829.139671 769.663117 805.095028 750.023853 2.290967 0.125000 16.702040 
380.619679 559.057933 393.119535 559.015493 3.766954 0.125000 2.324030 
1068.934771 252.260100 1079.067112 250.150995 7.647251 0.125000 2.386973 
202.931111 364.986670 212.680068 362.025487 5.616927 0.125000 2.317198 
792.362418 598.018651 796.755094 618.151162 2.442536 0.125000 12.949086 
1071.144822 611.711441 1074.344271 597.428114 8.011461 0.125000 15.311795 
775.080360 725.062825 742.937814 699.611397 2.859873 0.125000 17.024139 
838.004140 470.605539 834.998106 489.274057 2.468207 0.125000 5.564706 
271.077383 518.107163 271.313242 540.617789 3.749794 0.062500 1.158769 
196.786838 383.900541 209.407935 385.335281 2.625190 0.125000 3.183979 
1027.706393 467.667985 1078.285367 460.507825 5.640268 0.125000 93.379676 
844.229816 330.500228 829.475444 328.596525 3.079342 0.125000 0.537072 
534.801853 469.147150 525.072359 450.919995 2.354513 0.125000 11.169121 
754.474433 729.210174 766.956397 736.740072 3.273024 0.125000 3.151162 
95.921832 580.721851 91.634354 593.862190 6.354586 0.125000 11.361687 
400.673204 61.650743 408.355625 63.302075 5.676407 0.125000 0.049493 
682.898937 324.372389 682.883449 333.126784 3.763263 0.125000 2.300072 
737.024731 426.146424 745.407909 421.484612 4.959794 0.125000 0.265608 
273.121627 557.554478 291.877370 557.647589 3.749954 0.125000 2.927647 
133.696999 532.446163 138.700744 545.876213 5.696106 0.125000 6.518801 
493.388710 185.920312 505.932243 174.719061 4.562031 0.125000 9.319889 
584.430670 543.097707 584.875764 564.390662 6.196388 0.125000 17.540026 
759.107275 576.104002 769.880397 554.011897 5.451091 0.125000 19.648238 
955.436009 261.708832 961.260325 255.084555 5.094496 0.125000 1.499657 
765.225372 406.031475 790.962844 393.838113 6.361231 0.125000 23.482483 
145.277636 101.419135 150.851336 97.172034 7.480709 0.125000 1.289670 
465.131312 468.209457 462.618914 490.708072 4.836627 0.125000 23.323637 
723.057775 325.498736 731.949377 320.764697 9.485869 0.125000 5.847670 
461.824302 584.460309 443.027276 573.289438 2.726364 0.125000 6.727299 
497.394393 535.618509 497.550790 548.132177 3.859057 0.125000 5.909725 
49.360612 111.046496 59.434212 111.390359 3.875749 0.125000 5.636684 
103.098679 75.769208 121.906570 79.202032 6.040954 0.125000 11.163328 
500.323926 643.955436 507.876048 638.536124 5.806658 0.125000 4.937389 
679.739625 563.651196 672.193051 575.822206 8.498855 0.125000 10.281110 
675.020855 755.331809 678.187560 775.808636 4.088025 0.125000 10.580564 
746.887936 517.024236 728.062680 518.656049 3.138347 0.125000 7.417103 
758.646035 761.178394 741.921788 776.924693 3.587149 0.125000 8.252700 
1068.123438 96.767625 1060.588653 96.877270 6.340145 0.125000 0.502407 
1078.695872 740.762402 1073.940361 760.520387 2.183348 0.125000 0.049493 
817.653653 555.833713 812.629558 574.577255 4.269397 0.125000 3.036861 
68.126799 413.788981 86.872785 413.846540 3.136497 0.125000 0.678251 
417.641877 534.156964 406.833459 558.106252 1.986423 0.125000 11.762226 
1049.309487 712.491107 1060.828001 713.715922 3.096970 0.125000 1.294634 
19.305476 520.734637 35.647151 519.738335 2.951771 0.125000 3.296339 
894.687810 524.042174 875.600165 530.552182 2.824507 0.125000 0.539669 
1014.923846 756.397822 1006.921336 768.156534 1.822816 0.062500 2.684224 
617.761524 679.221054 622.820885 667.275619 2.866571 0.125000 3.027217 
1018.410534 728.574862 1000.833902 749.761287 4.111613 0.125000 15.500261 
525.158883 747.569515 548.190705 763.027100 3.085885 0.125000 9.025961 
744.840086 500.281733 757.609558 517.582843 2.490330 0.125000 13.839638 
800.625616 228.126357 808.726665 224.451253 8.273773 0.125000 0.615808 
1000.024514 320.902851 1013.543406 312.552372 5.567707 0.125000 3.697493 
1033.149960 755.475815 1053.012249 758.798915 2.460992 0.125000 9.131641 
552.599551 325.153335 564.964945 333.501128 4.533053 0.125000 7.886657 
942.616220 573.983998 939.203080 589.336780 4.880840 0.125000 5.950556 
1040.420336 122.605606 1049.273379 119.117109 6.273105 0.125000 2.317198 
525.337132 159.995138 537.006170 154.662004 2.906771 0.125000 0.446700 
776.890213 563.117006 787.045683 582.442186 2.625188 0.125000 5.094633 
698.817083 393.431800 692.615918 382.154945 2.702211 0.125000 2.300072 
955.387464 777.250108 965.604863 759.877971 7.034611 0.125000 3.893715 
645.238689 432.646063 654.691051 400.351639 10.855623 0.125000 90.142434 
329.557327 596.210004 310.867641 598.067021 4.349586 0.125000 4.582597 
595.130690 712.098687 619.366486 706.835794 6.002884 0.125000 15.430315 
794.892907 439.665786 804.403551 463.610156 4.885715 0.125000 20.870110 
796.061502 563.214786 792.455730 580.744454 3.204273 0.125000 4.473996 
1005.205109 702.159827 1009.952722 688.323228 5.540715 0.125000 1.243076 
719.310417 273.682721 739.331445 276.001124 5.110597 0.125000 17.103625 
1047.078877 102.844942 1034.189849 101.899720 7.937032 0.125000 10.242487 
527.383267 615.982442 531.978703 609.447930 5.528015 0.125000 4.707131 
536.215142 598.291981 538.692748 589.535644 5.333243 0.125000 4.812972 
685.603571 498.315025 699.459293 499.877517 6.630854 0.125000 0.253871 
696.343361 768.121396 703.329537 751.226462 8.207773 0.125000 22.589881 
721.890131 293.011034 735.565043 294.826602 3.717380 0.125000 6.423871 
1010.678250 243.307140 1027.332028 238.438235 3.746803 0.125000 1.132984 
196.138762 606.155522 203.470601 611.391017 3.922895 0.125000 0.430727 
542.016271 580.474537 543.537977 569.261410 5.290772 0.125000 1.299649 
92.231860 328.264792 76.815696 323.309498 3.527622 0.125000 5.094633 
477.995445 506.932209 477.577174 496.845881 5.306458 0.125000 11.762226 
737.965158 473.320708 758.071536 470.272358 2.396022 0.125000 7.382180 
891.921124 520.548240 919.387929 521.503101 2.672207 0.125000 2.487863 
1035.205649 110.599170 1034.654564 119.546205 4.211848 0.125000 0.049493 
270.854431 603.226719 256.664566 605.635209 3.928971 0.125000 9.829283 
613.168410 700.595650 594.134163 672.442704 3.777409 0.125000 15.760716 
545.527688 764.523919 523.463973 750.106261 2.175743 0.125000 4.473996 
984.865828 176.600676 986.229075 166.616138 4.435243 0.125000 0.856273 
575.807614 432.065470 572.626886 414.240829 3.032919 0.125000 4.473996 
593.821495 657.918918 595.185667 670.803855 4.859741 0.125000 3.603804 
916.845698 527.052393 901.641124 524.540871 4.322001 0.125000 2.632311 
932.580754 318.564743 945.823098 309.669922 2.559928 0.125000 3.027217 
831.945644 464.389522 834.809624 450.457386 2.926583 0.125000 0.678251 
1040.797350 173.995943 1050.779958 174.412625 7.597736 0.125000 9.096170 
259.166420 555.608431 258.163988 568.227395 2.092278 0.125000 0.535004 
506.029759 510.892930 514.449038 498.174009 4.506915 0.125000 1.439328 
608.444592 567.100633 607.388276 574.448785 3.620431 0.125000 0.878044 
410.635941 528.134941 421.944813 515.688432 3.029139 0.125000 10.884581 
725.648484 425.296328 736.914585 425.463918 6.305086 0.125000 15.794790 
1078.119831 688.125683 1075.943483 671.667590 3.133897 0.125000 4.812972 
34.378512 660.672340 0.536560 663.182790 3.695297 0.125000 22.179602 
891.876826 479.368893 901.281066 482.180941 6.150133 0.125000 0.083684 
289.505384 527.996967 280.210792 518.531741 2.723894 0.125000 2.160117 
667.199582 599.462287 681.307593 586.268286 10.279178 0.125000 48.209519 
785.720919 541.874833 785.753564 560.626952 1.276111 0.062500 1.506327 
814.130546 255.039928 830.013699 248.403653 3.752451 0.125000 3.603804 
819.607982 674.136063 845.784340 700.466593 4.468708 0.125000 32.441195 
481.159271 529.305523 478.281993 507.179688 4.524662 0.125000 24.364469 
752.067696 593.772012 759.600261 576.976024 8.336474 0.125000 21.402405 
493.906343 194.007655 483.957059 202.814947 2.903999 0.125000 1.294634 
641.818563 253.813468 653.197038 254.746213 4.350217 0.125000 3.151162 
806.443308 748.688583 836.211923 771.490661 2.407163 0.125000 8.314889 
881.873723 554.270243 895.636919 554.102408 2.591080 0.125000 3.183979 
645.818903 721.805177 653.054972 741.900217 2.870056 0.125000 3.347255 
976.737845 473.371331 1014.556512 468.203263 4.000179 0.125000 36.306582 
159.380559 253.760786 149.370066 253.670183 2.511211 0.062500 1.506327 
708.122054 419.241454 716.874676 419.222817 3.135632 0.125000 1.294573 
799.600155 560.911456 803.011206 543.345636 5.861444 0.125000 10.689593 
968.172824 579.402577 976.223483 565.440881 6.829130 0.125000 14.463729 
1052.181943 658.237746 1051.531121 645.578416 6.626826 0.125000 0.889213 
1073.616181 666.858936 1072.796754 641.803972 4.997328 0.125000 7.794201 
468.292346 496.179998 455.908376 493.198118 4.206366 0.125000 0.755637 
573.900137 678.108229 573.149019 699.375848 3.924141 0.125000 9.286441 
757.880773 411.722822 761.477758 435.495974 2.471866 0.125000 6.727299 
150.595305 442.556927 157.926555 456.314644 4.228586 0.125000 2.343970 
756.344468 451.464772 744.408598 466.900979 2.518113 0.125000 5.576617 
1012.362192 667.687847 1021.504056 663.554560 6.724907 0.125000 1.439328 
483.615413 201.949520 472.575067 216.456480 4.867581 0.125000 14.894643 
711.538346 432.008629 720.444679 454.446575 2.341466 0.125000 2.317198 
886.279612 495.356384 914.442771 502.871007 9.418132 0.125000 19.346239 
68.525782 447.663095 77.538298 443.192291 6.727553 0.125000 3.871122 
694.302402 441.949057 682.291626 430.174883 3.570527 0.125000 7.547219 
1015.367571 469.147017 1030.771149 466.464090 5.783801 0.125000 23.447984 
521.870023 751.882068 538.030199 763.259651 2.158812 0.125000 5.636684 
536.964657 746.695288 558.473726 757.426000 2.809950 0.125000 1.439328 
814.735079 481.126201 818.936541 490.160251 4.454505 0.125000 4.707131 
836.648572 443.531364 841.879184 434.377391 2.635794 0.062500 1.756317 
1005.034070 547.362152 1013.851931 554.980432 5.546586 0.125000 4.379192 
796.890053 575.814225 799.011169 561.633606 2.643656 0.125000 0.537072 
343.060694 257.759395 323.234337 261.246628 2.394084 0.125000 0.265608 
735.713987 339.822567 750.860808 336.811011 2.572696 0.062500 0.900842 
475.248481 497.636658 469.599602 473.073348 10.208325 0.125000 63.963665 
896.875942 560.837269 883.126213 560.898278 6.261031 0.125000 10.580564 
943.577321 702.031244 944.973893 686.815239 8.154100 0.125000 13.562717 
972.956720 708.071625 968.765614 721.285238 4.214873 0.125000 0.083684 
491.771299 37.910857 517.447860 25.476703 6.714748 0.125000 13.588959 
547.333670 699.474554 552.909414 673.785587 6.477051 0.125000 21.009460 
763.346248 435.602671 760.573682 408.130179 2.373312 0.125000 14.116548 
1005.608749 656.599708 1021.883538 656.426305 2.499858 0.062500 1.367136 
952.679629 595.909436 947.079872 605.741681 3.851665 0.125000 1.370965 
365.737212 675.491920 336.901514 678.388915 2.993080 0.125000 7.110275 
786.848153 229.929248 796.945558 230.418351 4.488635 0.125000 0.502407 
945.380115 610.841336 941.669590 628.080789 6.806050 0.125000 18.556559 
547.623939 676.790334 543.172723 703.133064 2.256792 0.125000 9.080779 
1019.656639 753.428002 1041.701026 732.937830 2.541202 0.125000 20.161998 
375.675307 618.335415 356.808348 622.846219 3.118960 0.125000 12.473273 
1006.318692 769.143071 1000.509574 783.076878 2.405033 0.125000 0.446700 
720.969023 443.642113 709.825111 424.118086 3.256822 0.125000 8.886478 
872.909712 758.005256 864.765834 772.647128 2.184791 0.125000 3.027217 
1024.196464 680.520369 1016.187147 694.187007 3.888430 0.125000 2.063821 
548.841002 549.305889 545.099060 578.218709 2.639761 0.125000 7.995691 
1057.035622 253.459230 1069.630425 247.406501 4.510593 0.125000 0.832737 
346.632874 68.111411 346.498298 58.130079 3.225771 0.125000 0.430727 
326.677726 611.112897 349.584266 605.183429 2.548814 0.125000 6.084500 
828.140159 440.984202 838.680023 426.373652 4.902334 0.125000 14.091891 
862.932050 480.260815 878.781268 471.863677 5.786205 0.125000 14.694373 
948.615151 41.820506 960.277037 35.027624 2.619521 0.125000 0.446700 
52.548859 353.973100 45.224138 364.473405 2.850832 0.125000 0.446700 
378.168857 612.430080 363.065615 613.623390 3.082969 0.125000 0.265608 
472.735225 596.842331 471.374022 613.083011 2.179471 0.125000 0.446700 
539.411159 651.897242 546.618873 640.179653 8.517592 0.125000 3.470939 
526.672368 744.604875 547.211690 730.068359 10.878531 0.125000 49.593777 
832.705496 425.963858 824.915434 440.237750 3.165101 0.125000 0.502407 
962.531901 564.156636 957.733007 577.190897 6.851479 0.125000 7.299530 
1021.240559 665.394642 1033.007796 660.351525 8.863186 0.125000 5.722721 
24.346252 658.667360 44.363996 657.854143 1.502666 0.125000 0.878044 
590.065225 424.082468 596.977231 440.391226 4.702423 0.125000 25.577567 
670.284983 553.154099 671.780836 570.633059 4.662033 0.125000 4.582597 
796.568695 549.355370 795.765787 561.884022 3.739764 0.125000 4.731220 
876.979627 278.350831 868.008862 278.986799 4.182586 0.125000 1.499657 
547.006253 651.957582 537.409070 667.211027 4.933087 0.125000 9.554708 
597.250049 567.683988 590.639848 550.321120 7.175259 0.125000 16.067940 
775.176899 568.398306 772.760512 553.384849 5.333729 0.125000 13.731322 
878.150490 656.460034 869.554644 643.854911 2.567781 0.125000 0.537072 
718.907855 397.926532 748.292004 392.839698 10.161970 0.125000 55.520201 
789.493470 578.117166 787.924444 554.388261 1.869553 0.125000 2.997052 
517.874702 488.612769 523.017439 478.072520 2.849263 0.125000 0.430727 
543.136747 709.674813 539.843711 723.533395 3.708653 0.125000 2.665806 
591.414261 550.352486 590.265479 541.756002 6.029360 0.125000 1.289670 
1005.091472 442.571684 993.640435 453.613190 3.713232 0.125000 2.343970 
1024.410811 535.979817 1061.900820 537.479568 2.997653 0.125000 18.905003 
837.879052 485.562274 841.700010 470.580371 5.178234 0.125000 2.710406 
1004.205155 778.018693 1019.108379 754.208120 2.523201 0.125000 5.412552 
1025.763490 300.101242 1009.393662 303.222862 2.398612 0.125000 1.294634 
116.525678 573.326656 122.105300 582.992053 5.747345 0.125000 1.586250 
834.821884 406.118481 850.700082 415.497896 2.642993 0.125000 1.062131 
733.276000 543.006426 723.389996 530.416910 4.071112 0.125000 4.915074 
775.539613 411.640771 793.802384 404.983159 5.553837 0.125000 18.114297 
982.607670 689.780778 973.136700 706.881480 2.321657 0.125000 5.564706 
514.449617 629.997217 521.703103 624.865287 4.699132 0.125000 2.144809 
710.055427 734.381142 723.303665 727.204835 3.954679 0.125000 0.083684 
810.002885 545.864641 804.687973 559.790292 5.393447 0.125000 8.774336 
341.938079 623.320143 329.157282 627.451460 3.532214 0.125000 0.856273 
451.470553 23.118824 463.115169 26.905234 6.359344 0.125000 1.276009 
1028.095783 764.574632 1048.034579 767.492813 2.624364 0.125000 7.284367 
719.110928 419.831012 728.373931 425.195135 6.661401 0.125000 22.761786 
239.348844 637.888793 201.756129 642.051490 4.144184 0.125000 18.281836 
934.094715 550.265127 946.894982 540.295714 4.722267 0.125000 0.903444 
1031.002896 260.648890 1049.258810 255.233323 3.463257 0.125000 1.132984 
473.507243 547.747055 469.872428 532.049258 4.871122 0.125000 5.475481 
541.377431 566.320981 530.975633 558.884547 3.340477 0.125000 3.851205 
848.013272 451.377361 864.259157 426.798431 5.213987 0.125000 22.589881 
271.864613 610.480500 255.608758 611.649058 2.762442 0.125000 3.887806 
895.601000 554.737746 920.574381 556.390063 4.576475 0.125000 19.358814 
916.729614 483.484696 975.743044 473.847868 3.098643 0.125000 69.606623 
995.015306 391.054970 1003.393730 402.935485 4.322430 0.125000 1.586250 
574.065150 503.095026 573.186731 475.543325 8.626057 0.125000 61.352031 
675.585973 545.367620 695.507029 542.346982 3.221330 0.125000 7.547219 
647.128474 396.390929 631.726692 394.139611 3.808747 0.125000 1.793363 
745.676834 349.747025 760.562033 347.673070 4.434675 0.125000 5.482138 
860.490623 505.348472 867.448078 497.375057 6.814737 0.125000 6.188175 
453.386164 561.296338 439.150870 554.871606 2.571051 0.125000 1.370965 
567.235893 721.512716 579.974722 717.555673 7.695835 0.125000 6.497882 
1063.558440 339.070155 1059.670205 349.485208 5.855269 0.125000 1.132984 
1064.729001 630.643801 1070.204079 621.100658 4.034599 0.125000 9.908943 
783.897441 614.504484 776.753870 588.157843 3.169110 0.125000 11.361687 
845.223162 494.254027 859.640625 476.882920 5.444104 0.125000 8.834003 
1001.347615 750.943281 995.001847 765.350528 1.920271 0.062500 3.252270 
455.580010 445.588591 447.721799 455.298697 5.043671 0.125000 0.389873 
473.965585 689.500542 474.905933 683.204295 4.945152 0.125000 1.417052 
780.231990 563.248459 783.483719 540.676678 4.959341 0.125000 22.085248 
865.153421 469.398974 875.013533 463.374266 5.570066 0.125000 2.831947 
955.404847 325.695456 964.482533 318.615611 9.106915 0.125000 10.985709 
535.551043 218.321854 547.055672 222.644102 2.340287 0.125000 1.781134 
965.727226 529.663607 945.596327 536.794049 2.012966 0.125000 0.678251 
433.574919 533.330937 430.626147 521.874705 2.693215 0.125000 0.430727 
565.568608 429.371631 566.395929 415.521714 4.916568 0.125000 4.640145 
1065.680957 771.528841 1054.510800 756.772205 1.852784 0.125000 0.430727 
275.634918 631.925981 246.996114 637.497548 4.397109 0.125000 13.877901 
408.164649 149.708934 394.423260 150.052910 2.217910 0.125000 0.430727 
849.167827 692.010529 867.385583 719.858712 3.783280 0.125000 12.430786 
448.682910 489.980717 462.822298 502.224565 4.666574 0.125000 1.235024 
804.715041 595.688657 801.875086 610.859021 6.681908 0.125000 14.438397 
166.478649 253.789796 175.101536 242.717342 4.058356 0.125000 2.317198 
994.772556 535.891486 975.615735 528.147922 3.032706 0.125000 2.063821 
341.841131 680.638676 353.183491 680.942674 4.016578 0.125000 0.856273 
524.487036 672.885800 522.871460 680.571706 3.926934 0.125000 1.417052 
872.216520 484.535425 887.243488 480.896800 6.074459 0.125000 7.855907 
1060.291545 82.710125 1068.048934 76.475145 3.779606 0.125000 0.446700 
531.304931 452.091426 536.339906 465.353586 4.393175 0.125000 4.915074 
931.394951 131.364156 939.327699 129.201496 3.979302 0.125000 0.430727 
555.307889 318.593768 566.229222 325.981812 2.466610 0.125000 1.417052 
452.073503 606.614518 439.574962 609.121794 2.454876 0.125000 0.535004 
402.648790 600.653020 419.478246 597.410943 4.673271 0.125000 2.710406 
293.264193 630.744983 280.647675 629.190913 4.180321 0.125000 4.937389 
647.425693 473.523742 630.845958 487.143969 3.863499 0.125000 3.434115 
909.488676 551.975759 891.913348 550.237310 2.487859 0.125000 1.499657 
18.095282 631.614412 0.538511 633.616599 2.767166 0.125000 8.146262 
890.943053 760.531345 894.390402 772.238545 6.135296 0.125000 5.677228 
867.746971 499.396659 879.258847 498.229432 7.713933 0.125000 12.705851 
1046.859791 529.305680 1019.314470 535.349110 2.591366 0.125000 6.966861 
545.723837 730.185717 567.006131 721.514982 9.818369 0.125000 72.029216 
448.017988 455.757086 439.681044 465.877120 3.403725 0.125000 2.207512 
1070.742681 761.903122 1077.579535 733.293362 3.517702 0.125000 13.924405 
189.376470 645.789888 160.623136 645.750926 5.023709 0.125000 22.477446 
349.634708 602.297157 338.270553 604.062158 3.513732 0.125000 1.294634 
463.508955 546.997005 447.375150 536.812927 7.399207 0.125000 23.449150 
474.286538 573.311243 495.500342 583.387446 3.980111 0.125000 21.021566 
590.675918 673.088981 603.095384 690.645950 1.867009 0.125000 6.727100 
1073.297295 598.224234 1078.867653 588.552735 5.580474 0.125000 6.084500 
558.399411 700.820144 544.164932 720.836694 6.994878 0.125000 20.623390 
719.379164 302.941643 710.632870 302.916233 6.268132 0.125000 4.115554 
743.635642 415.959765 757.745791 400.283671 8.083193 0.125000 21.009460 
668.366013 613.411775 652.554270 588.936178 3.633077 0.125000 9.809153 
705.072105 504.617346 714.174662 510.914586 4.111919 0.125000 0.856273 
782.190925 644.507994 778.253914 616.856645 2.831565 0.125000 15.934898 
311.813458 601.403615 345.479212 597.008336 2.372236 0.125000 9.319889 
595.875472 648.222965 591.819808 658.592314 3.745877 0.062500 0.900842 
663.207694 713.472583 668.299603 730.573009 3.338383 0.125000 0.083684 
694.805684 380.982277 688.111456 365.630906 5.435977 0.125000 9.070929 
905.185031 485.811450 915.983087 483.757978 4.444913 0.125000 7.284367 
1070.653306 482.454503 1055.567186 483.191386 3.806518 0.125000 0.083684 
414.369254 589.339078 391.845687 592.941738 7.208433 0.125000 23.786523 
0.465964 637.919457 40.803868 633.512052 5.064833 0.125000 33.146499 
485.704318 541.857444 482.627999 527.958337 3.251310 0.125000 3.151162 
505.139032 671.655331 510.209828 660.437333 2.387371 0.125000 0.535004 
590.139594 395.166770 586.564829 409.906104 10.638419 0.125000 15.705533 
993.812267 761.661024 1001.403898 741.695866 2.501199 0.125000 0.755637 
587.333294 410.484359 591.620070 424.453233 5.880148 0.125000 15.362005 
726.892929 488.263299 709.363439 490.535820 1.882446 0.125000 1.417052 
857.315224 426.162330 842.959834 437.923400 3.250267 0.125000 1.299649 
419.415071 594.620532 402.990531 597.301060 1.837697 0.125000 1.417052 
717.927395 467.148186 736.766407 480.775127 2.370001 0.125000 14.730543 
64.404621 644.941888 75.689126 644.352258 2.627045 0.125000 2.684224 
430.512406 596.183890 448.155072 593.309583 2.467468 0.125000 6.508902 
545.390114 375.808748 543.810066 363.040226 4.808641 0.125000 3.603804 
770.066814 413.594809 780.087885 422.480730 8.822947 0.125000 0.989168 
361.525043 29.210695 363.412631 39.550683 2.683837 0.125000 1.781134 
853.861704 730.119856 839.597721 744.614037 3.634470 0.125000 10.313300 
357.089148 558.086734 359.547439 571.844187 2.461019 0.031250 3.909822 
733.269758 313.620356 723.673953 311.779662 6.894740 0.125000 8.519543 
369.549735 397.580309 375.433392 394.055194 4.931536 0.125000 0.430727 
555.006516 756.493713 580.818079 751.654945 8.907507 0.125000 50.385494 
372.948148 45.477555 374.226203 33.109624 4.845030 0.125000 0.539669 
635.209654 707.655012 637.476043 717.707679 5.427405 0.125000 6.588303 
758.080587 316.980904 746.729975 312.220818 5.094371 0.125000 6.727299 
750.817054 385.722141 759.647931 368.263050 4.474678 0.125000 10.057396 
547.911209 540.168899 539.296266 544.207029 4.220208 0.125000 1.294634 
718.055029 566.919237 711.753437 556.951854 5.841569 0.125000 11.677931 
894.357341 536.722471 908.123890 536.943988 1.250000 0.031250 0.112515 
51.865391 631.766926 63.137419 630.764675 1.909329 0.062500 1.506327 
563.198699 743.269026 601.027559 723.911696 3.829567 0.125000 28.888959 
451.811177 531.954076 460.775101 539.189029 3.890796 0.125000 2.324030 
789.226230 603.157026 786.488421 590.439129 5.414149 0.125000 1.750894 
281.713265 573.955311 278.548016 565.747739 4.939659 0.062500 0.465069 
713.876240 512.235105 724.141829 520.901207 4.329316 0.125000 3.673054 
493.874490 523.654309 480.999529 510.264862 5.302284 0.125000 22.063104 
470.442435 605.644009 455.583866 607.847647 3.159291 0.125000 5.636684 
723.438497 572.043693 726.352195 588.219173 4.011580 0.125000 3.871122 
531.642445 713.090933 529.950290 724.642384 2.129486 0.125000 0.878044 
461.803530 587.680392 430.753068 592.671699 4.099246 0.125000 17.391630 
580.116497 718.094101 594.566579 712.357581 6.235228 0.125000 8.899488 
709.568165 386.136705 713.459478 394.173516 7.259515 0.125000 4.129521 
711.863378 492.976007 726.869573 491.805423 1.926705 0.125000 1.781134 
467.420342 524.460399 470.376001 505.586008 2.469900 0.125000 9.131641 
516.781756 720.756884 511.970297 731.916089 5.086316 0.125000 0.832737 
419.449580 614.264774 389.496036 616.224750 4.394940 0.125000 12.753262 
711.924659 557.023771 697.624183 544.751968 7.595445 0.125000 8.197681 
355.160372 503.474199 371.082368 495.261725 8.489872 0.125000 8.952048 
134.330661 626.535184 158.324564 623.404466 3.287631 0.125000 13.578132 
989.410141 477.074554 1010.447994 473.369841 2.314989 0.125000 2.324030 
827.649876 735.436275 844.535192 729.860078 5.139783 0.125000 3.325545 
433.006815 579.603436 445.627128 578.143391 2.052473 0.062500 1.506327 
550.866506 514.061716 548.875820 520.469932 6.339469 0.125000 2.207512 
603.312215 691.788065 609.673211 705.486523 2.249732 0.125000 1.294573 
102.785904 498.351653 94.308889 485.669189 2.428479 0.125000 1.294634 
579.225571 750.775559 605.336268 730.257566 8.495672 0.125000 68.442091 
441.855149 500.632600 445.673528 510.606422 2.156668 0.062500 1.506327 
549.288044 747.921745 562.114344 742.434456 3.121987 0.125000 0.678251 
1045.674288 475.800586 1026.667520 481.135856 2.259164 0.125000 0.049493 
698.409948 555.261338 687.191483 546.471092 4.280743 0.125000 6.084500 
605.201025 728.726665 615.644326 714.389077 2.756720 0.125000 5.576617 
