486.829690 144.494863 488.675313 164.439746 4.863551 0.125000 13.671421 
488.089516 291.696246 486.824721 300.791828 4.575078 0.125000 8.762454 
507.003227 310.391491 499.211472 264.402706 4.074098 0.125000 38.078549 
437.499944 286.804365 442.600822 331.934246 3.888076 0.125000 62.799505 
525.464984 278.141985 529.981503 320.693303 2.937428 0.125000 46.186752 
470.076371 166.802840 468.154399 148.121975 5.229606 0.125000 14.995255 
558.910242 156.796782 557.171915 139.345424 4.851479 0.125000 14.971945 
494.582921 65.484496 497.385656 94.566719 4.617210 0.125000 43.236904 
515.198127 119.292799 509.599172 63.227444 5.723895 0.125000 76.825101 
529.228160 159.390980 527.451212 143.062294 5.131468 0.125000 17.131472 
764.603378 235.606229 768.608514 284.335259 3.635002 0.125000 68.279667 
546.594271 140.553945 547.890335 158.233837 4.836630 0.125000 21.208708 
398.385586 155.586803 401.207630 174.839276 5.458764 0.125000 10.806110 
459.348772 98.052877 439.275937 105.352596 7.262159 0.125000 17.059810 
575.817394 136.757499 577.258308 154.445603 4.346569 0.125000 27.491666 
375.576833 93.918335 351.827359 96.423321 6.346639 0.125000 27.554575 
457.590205 151.790569 459.371004 166.875472 3.870687 0.125000 17.665233 
534.121230 321.900428 529.731248 278.089303 4.349423 0.125000 77.844624 
498.058199 94.962695 479.621830 96.822217 6.093009 0.125000 21.348070 
579.699392 69.609025 556.926731 72.310999 6.795583 0.125000 43.529380 
640.208894 94.410898 638.896692 79.200587 3.736123 0.125000 14.659401 
337.139010 240.826161 333.901302 224.956570 8.073635 0.125000 16.327990 
407.356430 76.824134 408.703944 89.577970 5.103662 0.125000 2.892361 
546.921509 73.558453 525.515584 75.855264 5.104821 0.125000 33.955730 
440.683007 169.368456 438.702018 151.809900 5.509907 0.125000 18.560227 
409.288921 89.835309 384.582478 92.528404 5.942292 0.125000 34.781332 
583.808380 55.559571 585.384139 72.017740 5.215508 0.125000 14.351941 
558.456359 135.469408 569.108334 132.244260 4.895140 0.125000 3.732553 
427.695397 129.290255 421.919862 73.378610 6.134918 0.125000 74.304885 
369.367958 159.376035 372.197021 178.628720 6.001869 0.125000 10.213055 
353.548972 178.075358 351.638211 161.756365 4.887493 0.125000 19.455970 
437.401642 545.730724 448.933457 488.287298 4.168705 0.125000 75.972399 
534.227642 135.602696 544.381429 136.821437 3.872242 0.125000 6.100363 
357.962992 155.020547 368.255836 157.603661 4.854278 0.125000 0.762458 
389.081476 151.490343 396.948341 154.158784 4.375156 0.125000 2.560122 
89.216443 519.081925 74.473892 527.057792 6.776851 0.125000 4.648063 
705.538108 241.882126 708.609604 279.335258 2.939904 0.125000 41.387320 
475.858413 121.971148 474.312961 105.630868 3.027146 0.125000 5.197440 
523.723921 77.927471 526.445333 86.178968 5.297964 0.125000 0.525658 
440.944140 147.611113 449.553250 144.952128 5.602782 0.125000 1.926545 
67.949680 350.463648 56.138860 271.797849 4.573393 0.125000 94.152312 
568.603214 132.268147 574.142518 134.869959 4.363501 0.125000 0.235004 
643.039044 121.878880 643.379411 129.419936 3.802548 0.125000 0.795055 
451.244456 475.749736 457.535416 444.507984 3.667854 0.125000 44.025316 
557.187433 72.357858 551.389015 77.586005 4.762526 0.125000 1.554623 
352.138083 96.652308 345.788501 100.871082 5.548076 0.125000 1.554684 
446.147321 329.317806 441.519142 287.050839 3.283476 0.125000 44.944555 
429.984188 261.987080 432.779115 277.966867 4.185501 0.125000 11.108034 
382.021750 174.362160 381.351522 166.702062 5.525740 0.125000 2.584080 
454.074188 491.930899 453.418274 503.068657 3.890487 0.125000 4.111255 
475.570192 142.247251 485.718287 143.741406 4.764589 0.125000 5.836667 
490.562741 165.077817 467.929080 167.653091 4.826632 0.125000 22.774256 
386.609695 92.729711 383.060328 96.818865 5.290109 0.125000 0.795055 
709.657280 298.079577 714.944296 330.935678 4.142144 0.125000 16.950042 
467.730655 146.914049 476.108289 141.353078 4.857077 0.125000 1.116323 
470.734942 105.611690 472.560734 120.693310 2.782338 0.125000 5.896734 
743.055316 290.481099 745.831511 313.252219 5.598956 0.125000 16.758325 
381.330904 165.904386 380.131426 158.201862 5.790892 0.062500 0.316021 
463.750306 413.255168 468.748502 389.244584 4.790224 0.125000 16.039682 
461.482139 425.761986 462.713182 418.059184 3.455015 0.031250 0.092709 
369.874712 461.927776 367.235918 486.913118 2.223599 0.125000 8.422629 
339.030140 316.922385 335.757800 293.106753 3.157350 0.125000 15.274217 
508.024927 244.451366 517.733511 257.173750 3.739447 0.125000 14.659401 
768.958941 284.411328 773.428285 335.598519 4.219950 0.125000 53.048207 
782.773181 28.377075 791.610715 23.092582 7.288682 0.125000 3.059258 
531.749323 270.650368 532.174064 251.825341 6.135626 0.125000 12.370420 
651.294268 76.983032 652.254191 93.250149 4.475876 0.125000 16.054840 
439.821596 585.481260 435.727036 608.366898 3.030944 0.125000 7.772584 
643.357964 452.923105 623.023498 433.191417 3.721280 0.125000 33.955730 
365.466183 70.530863 488.318790 56.015122 3.691890 0.125000 141.452639 
609.361506 51.502810 584.394326 52.408039 8.608381 0.125000 60.550283 
739.706350 267.756051 743.412552 283.641192 4.747726 0.125000 11.559452 
430.512973 578.362207 435.819465 552.904977 5.353259 0.125000 22.458308 
203.147527 260.718374 204.754712 281.846115 3.359943 0.125000 14.373447 
489.230851 55.655171 603.162427 42.191718 4.468620 0.125000 131.891136 
639.489309 78.003960 650.750426 76.863752 4.108687 0.125000 5.824757 
441.361960 109.194418 442.724282 124.184210 4.187512 0.125000 8.629409 
374.177100 177.478726 350.424892 179.957563 5.232488 0.125000 17.833997 
401.734066 174.387747 379.241144 176.949882 5.140614 0.125000 21.757666 
283.956049 210.676708 282.228173 196.677131 3.874877 0.125000 10.999281 
370.703212 478.134508 372.536589 463.053468 1.878329 0.125000 0.795055 
273.730906 310.662142 272.856354 295.496327 6.095708 0.125000 9.159538 
635.196524 130.610120 635.037679 121.840356 6.384799 0.125000 4.734047 
311.347299 308.192794 309.074681 290.502994 3.753854 0.125000 16.099287 
517.732070 257.571208 522.745475 276.646217 4.200285 0.125000 17.027209 
290.090279 374.367214 289.940631 360.618843 4.986099 0.125000 4.900195 
413.563909 663.463772 430.438481 579.337587 4.667295 0.125000 100.925177 
355.968774 318.266335 351.793954 291.497741 4.860935 0.125000 15.595496 
331.301611 319.454812 327.451503 291.794754 3.024868 0.125000 25.634460 
501.538419 309.145990 496.303996 288.268160 3.944884 0.125000 12.752451 
782.813672 93.151142 786.288127 134.529239 5.610021 0.125000 45.146402 
303.710916 198.016949 305.576625 208.133921 5.370477 0.062500 0.824428 
333.294166 82.410157 320.133552 86.570305 7.527977 0.125000 11.699275 
550.404320 158.646450 526.670733 161.293602 5.246308 0.125000 24.940817 
570.219185 306.901544 570.870485 316.858943 3.742004 0.125000 5.214211 
790.883614 21.102209 828.691159 0.613139 6.643524 0.125000 59.885919 
690.863054 33.776142 685.082672 43.543792 4.697938 0.125000 1.015687 
565.912691 240.554364 567.183818 268.225656 6.472857 0.125000 27.049587 
651.771548 94.528637 641.742891 95.474929 4.085697 0.125000 7.874527 
721.909615 387.018089 733.148624 387.369548 2.694129 0.125000 2.041184 
290.546980 361.415300 293.905635 351.712527 5.951595 0.125000 4.946223 
580.510300 155.656881 556.735691 157.895531 5.095164 0.125000 20.104280 
341.065502 138.191352 336.554045 83.151308 8.761582 0.125000 101.678745 
714.574975 153.111704 717.239206 193.183893 3.327118 0.125000 41.544420 
689.584307 250.607441 691.684395 275.640990 3.632377 0.125000 3.585595 
460.504730 168.283263 438.002410 170.762206 4.833056 0.125000 23.422430 
303.624094 83.084965 305.656625 108.423272 6.829680 0.125000 18.711140 
451.799627 210.997820 488.103806 207.878347 4.057272 0.125000 31.330902 
436.428903 552.110611 437.294317 544.566493 3.045399 0.062500 1.766377 
380.036376 155.936720 388.964520 152.155725 5.931316 0.125000 7.582304 
477.834011 106.780567 479.308873 121.758425 4.853440 0.125000 10.573351 
443.636097 272.026146 448.797271 254.573811 4.220982 0.125000 13.019113 
288.919622 315.685137 285.589010 290.464678 5.144287 0.125000 25.577409 
300.718595 310.612936 298.121591 290.464324 4.799184 0.125000 13.671421 
488.235546 207.672276 554.426248 198.494607 4.057817 0.125000 74.810110 
122.417373 343.051550 114.968119 288.044677 4.890321 0.125000 69.391959 
323.251190 323.106685 319.239080 295.463304 3.730868 0.125000 18.374347 
468.671179 120.711086 468.116648 108.125368 4.885110 0.125000 8.629409 
383.367905 98.101660 384.688467 111.844880 2.847217 0.125000 6.100363 
290.849210 290.999267 296.815855 307.352651 6.521954 0.125000 16.250421 
570.423944 197.281171 605.698839 193.893972 3.971789 0.125000 26.282180 
274.959241 86.946632 277.661249 112.059391 4.570141 0.125000 28.334708 
477.988344 103.252252 498.146146 100.798733 2.934774 0.125000 4.734047 
690.639623 103.202491 689.214214 80.478270 4.755430 0.125000 15.985389 
734.509836 140.719407 736.637898 165.856716 4.560400 0.125000 18.049364 
283.179313 195.101334 302.010957 193.693159 4.147180 0.125000 20.337129 
555.527918 198.230158 569.390234 197.054644 3.842209 0.125000 2.340736 
658.517832 467.734265 644.179732 453.319225 4.435958 0.125000 15.959348 
323.751318 292.195832 328.640789 320.750719 4.540076 0.125000 28.335725 
257.658326 308.183358 256.369330 297.875607 5.116464 0.125000 1.794544 
549.149636 430.121692 564.423063 461.215399 5.038920 0.125000 32.691029 
751.726238 274.447746 750.160109 244.334169 4.588919 0.125000 29.745208 
590.408570 112.401977 340.400298 139.826570 4.675494 0.125000 320.550584 
352.934712 219.606478 450.586437 211.415269 4.548162 0.125000 87.630577 
86.920202 161.837075 76.888688 161.484998 3.835381 0.125000 0.797122 
0.405427 172.823510 10.995387 175.275005 2.464566 0.125000 1.138094 
277.832778 339.412971 274.117528 310.820881 3.557667 0.125000 24.700440 
381.992200 111.981309 380.680340 98.002499 2.799237 0.125000 4.111255 
613.121922 40.591253 635.662452 38.535682 3.734503 0.125000 5.582249 
262.311426 101.954611 261.560775 94.283431 3.853909 0.125000 3.847364 
828.259543 246.961742 825.234274 208.058180 3.932536 0.125000 23.145117 
328.042605 74.867199 364.406359 70.913417 3.998258 0.125000 26.011448 
515.566960 98.893483 546.963481 95.109061 2.886481 0.125000 18.223441 
694.442034 275.618698 690.914690 238.097766 3.031558 0.125000 28.216980 
887.886311 295.353280 892.608295 312.927978 2.504577 0.125000 2.584080 
34.151698 182.310926 48.152765 184.165373 5.110018 0.125000 2.327022 
449.451978 254.437075 456.801175 245.323465 3.358146 0.125000 3.287267 
811.137471 218.094884 810.167209 241.856307 4.893838 0.125000 15.284577 
529.039558 389.542766 549.294012 430.040675 5.032853 0.125000 45.062981 
689.417067 78.624826 728.103443 75.368871 6.961812 0.125000 46.180638 
714.520333 258.092459 710.550271 240.361845 4.879185 0.125000 5.889011 
754.197559 301.989479 752.073847 275.508805 5.183852 0.125000 32.355175 
263.658919 354.302259 257.525927 309.286317 3.489566 0.125000 33.002983 
902.431812 174.365287 902.620030 209.377715 5.006647 0.125000 28.343268 
240.913579 325.715266 238.310540 297.990221 3.733581 0.125000 10.806110 
648.195404 361.346440 616.877703 364.402693 3.095225 0.125000 23.787070 
350.540999 117.402648 373.027633 114.787713 3.147349 0.125000 15.201547 
695.856306 165.685685 698.235149 205.618438 3.833556 0.125000 46.659454 
346.910735 101.768810 348.158145 116.872263 5.291699 0.125000 21.196448 
442.999921 107.141126 459.304237 105.068375 2.795324 0.062500 3.750146 
678.692751 175.670233 681.184501 213.253653 4.079430 0.125000 29.880921 
386.885340 113.213240 409.514051 110.561674 3.074836 0.125000 18.690398 
499.155948 178.109100 497.428017 201.915140 1.970653 0.125000 12.318956 
613.659350 560.365157 620.009691 573.424212 4.981488 0.125000 5.170753 
347.142269 291.846153 349.304832 311.882573 5.641806 0.125000 13.033671 
399.108396 279.392147 398.137331 264.293812 7.805453 0.125000 7.015278 
556.865866 94.289856 586.922268 91.065634 2.752390 0.125000 23.894308 
408.526899 686.964022 413.569929 664.196675 4.464335 0.125000 20.984456 
636.781849 38.466703 676.872964 34.355144 3.730434 0.125000 27.809437 
776.939713 138.119414 773.368305 96.746096 4.443964 0.125000 56.162058 
897.660322 258.370992 905.230939 272.671882 2.794331 0.125000 9.650891 
223.160546 283.119787 221.313357 270.524051 3.166189 0.125000 3.257102 
288.159902 183.487782 246.811577 187.465757 4.403795 0.125000 38.872179 
510.798698 59.854164 497.043700 64.840377 11.105359 0.125000 24.483206 
636.465951 238.390116 660.706902 228.322199 3.551650 0.125000 7.673162 
734.218819 247.240311 747.981250 244.810727 3.746765 0.125000 2.122327 
423.993505 394.710982 418.715853 408.353572 4.663226 0.125000 2.441440 
292.015562 105.611543 290.451248 89.271962 4.447696 0.125000 15.217435 
107.606722 181.996488 151.263181 198.494022 4.547941 0.125000 42.191682 
332.108512 293.085251 335.729478 314.357216 4.535866 0.125000 14.449976 
296.441700 308.017875 299.427646 330.782055 4.205855 0.125000 0.269777 
489.407225 329.630257 501.866458 328.057335 4.804061 0.125000 1.282221 
164.751328 338.216656 160.662324 299.239948 5.233551 0.125000 44.507289 
392.703234 295.495720 397.613731 326.954805 4.126746 0.125000 14.055015 
744.466887 233.484594 767.086963 227.704507 3.686828 0.125000 25.505385 
11.593516 175.479143 25.402079 178.999423 3.681592 0.125000 6.743849 
398.888203 437.369669 380.959249 465.031457 5.225269 0.125000 38.516782 
705.668463 353.410214 691.858194 355.514716 3.036398 0.125000 8.362814 
766.098132 570.190755 744.279749 549.412449 4.439676 0.125000 36.703246 
419.325044 254.702175 429.926062 263.439856 5.787486 0.125000 10.369521 
463.452478 109.341455 464.618864 120.728063 2.232232 0.125000 1.138094 
732.366002 166.830424 730.309351 144.176691 4.529129 0.125000 23.147278 
205.605591 283.340545 221.948196 284.812114 4.531442 0.125000 4.691951 
309.215690 210.099745 280.472812 212.679115 5.650340 0.125000 23.743607 
400.422883 309.249107 398.296988 291.553987 9.928604 0.125000 38.397594 
462.116559 121.856590 461.162155 109.334061 2.397777 0.125000 2.944274 
819.468893 141.975086 817.077988 114.357427 4.215664 0.125000 14.373030 
553.230912 78.114887 554.661519 93.097642 2.726309 0.125000 6.987150 
692.835048 319.406005 693.084911 341.889337 6.332958 0.125000 15.816716 
662.648914 220.580985 660.802466 188.114907 3.885903 0.125000 25.939970 
202.617794 354.120664 197.364840 338.779272 3.984897 0.125000 0.961743 
618.891604 605.776883 613.437893 588.419439 4.770085 0.125000 4.342276 
635.247098 200.650365 637.346453 231.927257 2.829242 0.125000 18.903413 
489.220251 236.273287 496.880532 238.101825 3.012133 0.062500 0.590165 
888.869616 269.194026 885.861579 256.817501 3.643920 0.125000 1.759707 
315.530927 567.254628 307.242736 580.053679 4.257018 0.125000 6.541022 
392.324801 357.231249 385.783383 365.490461 4.794027 0.125000 0.762458 
643.705480 195.592243 645.471285 226.883674 2.566456 0.125000 22.056634 
566.101642 462.906011 576.854471 486.310130 4.604591 0.125000 27.651396 
391.514911 565.724321 395.392847 579.783812 2.032640 0.125000 0.795055 
576.993789 486.687528 585.687955 502.526578 4.770215 0.125000 8.290780 
690.455157 498.298692 668.969787 477.289396 4.547862 0.125000 25.755738 
383.848568 266.689640 387.461976 280.794850 5.434087 0.125000 7.742342 
711.012175 194.368891 710.538298 164.336920 5.157149 0.125000 33.237936 
413.430608 193.203013 408.631207 212.004220 2.138684 0.125000 0.120096 
653.010083 188.132124 655.181147 223.152516 3.964753 0.125000 19.281195 
316.548588 300.670086 318.967356 318.181307 3.885765 0.125000 10.414316 
548.888051 93.170972 547.334358 76.713624 2.910993 0.125000 9.391692 
375.261064 96.791857 376.794372 113.132566 3.032925 0.125000 9.269470 
906.744576 341.940142 897.002721 322.435538 3.918150 0.125000 14.971945 
599.292636 530.664388 613.295315 559.945790 6.472582 0.125000 29.190230 
651.030684 634.173732 677.117197 686.754841 5.546690 0.125000 60.408806 
50.377185 182.352819 73.364274 174.975616 5.818162 0.125000 25.505332 
652.285849 224.341536 649.631424 191.752300 3.839100 0.125000 31.749911 
184.514282 302.081044 190.774722 335.829107 8.197086 0.125000 64.752586 
445.647310 554.378801 442.886395 570.584349 2.231991 0.125000 0.706750 
57.997808 269.632879 98.133990 273.018419 3.196184 0.125000 35.643525 
573.710890 284.323923 574.378653 291.983654 5.198230 0.031250 1.992366 
374.106009 113.150717 372.543854 96.811054 2.726580 0.125000 9.650891 
817.699712 258.123921 817.719332 273.123896 3.756537 0.125000 0.044195 
628.388441 215.614663 629.077889 233.185705 2.449068 0.125000 9.650891 
676.798973 213.127489 675.611919 176.875428 4.424601 0.125000 28.601293 
642.790281 226.901020 640.546251 198.033951 2.879995 0.125000 20.320622 
663.738529 185.498971 665.949243 218.187608 3.488421 0.125000 25.372665 
585.879933 502.996620 590.659233 512.487238 4.489711 0.125000 4.240916 
692.877754 205.628600 692.295247 165.618882 5.126849 0.125000 32.367009 
264.687429 288.518494 271.378123 325.714377 7.479047 0.125000 74.945455 
304.826607 295.339650 308.667476 318.243648 5.543738 0.125000 26.737146 
527.326404 320.585362 524.910938 293.077939 1.658098 0.125000 2.584080 
557.438814 243.768000 564.765986 251.587292 6.327436 0.125000 3.648111 
785.752362 135.103527 778.705855 139.569118 4.401408 0.125000 3.444029 
435.380448 375.588327 437.085393 364.219099 2.286976 0.125000 0.235004 
951.876377 295.972013 936.876613 296.031538 2.534703 0.125000 0.706750 
754.509431 313.149947 754.573856 303.118249 6.265926 0.062500 4.662586 
532.667822 254.487206 539.012950 244.966798 4.854449 0.125000 6.848353 
819.843474 621.478245 807.385612 610.067529 4.841309 0.125000 12.752451 
882.252844 263.079524 884.975739 285.703143 3.079557 0.125000 4.900195 
279.103522 288.656135 287.136947 330.574800 7.079385 0.125000 60.102689 
499.511740 204.386717 501.550140 180.597165 2.312585 0.062500 0.164558 
581.372124 393.640199 571.237255 383.747742 3.642253 0.125000 6.848353 
785.519166 224.275081 786.955899 240.727096 2.865806 0.125000 3.556390 
520.166078 276.935568 524.954023 313.213555 3.227093 0.125000 26.181886 
738.311157 75.439894 756.724935 54.072909 11.493610 0.125000 60.231230 
765.692172 45.739743 774.617135 37.125880 8.094781 0.125000 7.559580 
247.309190 287.530822 255.396028 328.417521 7.842540 0.125000 83.389565 
314.509928 290.891429 315.606661 300.627066 4.968573 0.125000 1.322181 
407.409405 63.217604 411.303971 40.742655 2.298772 0.125000 7.532916 
231.296521 60.940473 277.604747 41.076211 5.750063 0.125000 59.724612 
233.243081 268.115741 237.065299 316.860078 3.664954 0.125000 35.771084 
620.979133 573.566228 643.703535 619.705707 4.602987 0.125000 54.508742 
366.779540 487.564870 359.960063 498.977682 5.351911 0.125000 0.157412 
464.143078 239.284729 488.042654 235.149123 4.594729 0.125000 8.458564 
400.164884 263.920375 408.320100 255.821457 7.089394 0.125000 7.742342 
756.456804 55.282849 769.232466 46.172266 12.354562 0.125000 43.334632 
685.836995 38.992653 608.980735 46.686627 10.322454 0.125000 218.624923 
409.336807 255.814138 419.413750 255.451350 4.062384 0.125000 6.987150 
545.633327 242.652784 556.879830 242.851093 5.153487 0.125000 2.340736 
646.994735 16.490074 671.916315 24.242181 4.694598 0.125000 16.323641 
251.843026 182.809375 322.009352 175.701215 4.897221 0.125000 84.002549 
589.239517 15.709701 629.566385 11.021115 3.869267 0.125000 63.671085 
691.777055 110.814654 690.841965 104.168600 3.875390 0.062500 0.111275 
823.130597 361.204659 804.371468 361.048029 2.593842 0.125000 7.544418 
399.168678 287.035624 400.354080 279.333305 5.537726 0.125000 0.309544 
198.402150 334.510827 188.063215 260.459104 4.835267 0.125000 83.705380 
323.630085 208.965651 328.482875 200.134756 5.585956 0.125000 2.577248 
263.211364 111.871533 262.812533 101.937731 3.897418 0.125000 5.653544 
45.561123 321.715356 48.294053 342.020488 5.860672 0.125000 16.323641 
81.023183 452.031408 78.236452 436.854535 3.813376 0.125000 0.343734 
815.824613 100.606087 812.974136 70.520860 4.623992 0.125000 16.222569 
338.400730 260.696858 336.933597 240.805067 4.475401 0.125000 24.642056 
151.810117 198.305088 189.386449 211.843222 5.222787 0.125000 35.021396 
251.423545 241.062802 337.612766 264.116804 12.005801 0.125000 303.597013 
583.140352 168.264294 628.008647 163.319281 6.075449 0.125000 26.890260 
914.581691 109.410573 912.420319 121.968853 2.291973 0.125000 2.041184 
432.515290 60.696356 435.022679 38.197180 2.207724 0.125000 5.836667 
378.326878 468.208957 371.643758 484.278831 5.279937 0.125000 1.859170 
638.090134 685.866046 625.492100 684.043797 4.263697 0.125000 1.015687 
817.821793 113.417444 815.647728 101.870721 2.738497 0.125000 1.677102 
921.169251 92.871959 915.294665 109.256561 4.106758 0.125000 5.672602 
115.516000 274.415206 145.617962 276.958306 4.035193 0.125000 17.556652 
571.288782 291.775167 571.808501 308.245429 8.824495 0.125000 33.127585 
302.442096 325.686061 301.535216 315.543614 5.648074 0.062500 1.120963 
457.255376 245.408425 464.073061 241.365796 3.088402 0.125000 0.235004 
305.463966 109.580436 295.696114 111.086288 5.986573 0.062500 3.784371 
558.279583 45.667532 557.451983 24.352597 2.207133 0.125000 2.584080 
748.080584 249.005159 734.378095 250.650773 3.078360 0.125000 2.467563 
630.067694 10.811410 643.039867 15.844424 4.661445 0.125000 8.629409 
618.298042 184.559105 703.431452 104.541219 10.108948 0.125000 339.114719 
560.667095 366.528378 539.346894 367.521831 3.137302 0.125000 5.672602 
633.501288 236.873506 633.367243 203.119074 3.809538 0.125000 25.356720 
893.033712 223.015486 891.090849 246.810975 3.610650 0.125000 10.062004 
0.566160 266.591261 36.909748 268.804368 3.299061 0.125000 39.042505 
765.434073 370.900693 767.564401 353.058067 6.798690 0.125000 9.793696 
807.130037 609.242756 796.431220 599.719280 6.854012 0.125000 4.963936 
318.728083 342.422662 326.363359 351.441711 5.431465 0.125000 0.961743 
417.540943 408.236883 407.132861 425.009332 4.504543 0.125000 16.594276 
580.122077 320.660351 577.480678 283.082426 3.457972 0.125000 28.147651 
491.725642 373.026354 479.240339 374.409059 6.207946 0.125000 2.647023 
399.374093 189.374850 396.699774 205.596111 1.843360 0.125000 2.944274 
568.062555 269.367911 568.023024 290.627135 6.249989 0.125000 27.377049 
326.542600 409.216710 312.959259 412.422800 4.291988 0.125000 4.734047 
697.782427 330.643549 697.900820 316.873073 3.760608 0.125000 2.340736 
296.114614 597.652585 286.045450 613.859614 5.308837 0.125000 10.949643 
448.736601 655.905561 436.572627 663.915832 2.668845 0.125000 0.120096 
325.546581 179.861592 290.657915 183.445424 4.879943 0.125000 25.087081 
151.663253 321.890066 152.206798 329.529272 3.020524 0.062500 1.241077 
383.239096 61.900724 387.175228 44.442690 2.199416 0.125000 0.797122 
394.334657 186.382627 408.298173 185.238502 5.820810 0.125000 4.421947 
676.156609 293.163206 675.552932 281.812354 3.252479 0.125000 0.797122 
742.577285 547.512425 735.791287 541.681477 4.606957 0.062500 1.160892 
397.226881 63.204342 401.223798 45.478166 2.163824 0.125000 0.120096 
672.734073 24.294060 689.605476 29.935765 4.749453 0.125000 11.386063 
466.045858 35.629524 465.830880 55.627213 1.464918 0.125000 0.235004 
586.858494 239.175927 600.617548 238.035120 4.879615 0.125000 2.140595 
692.981673 358.547875 673.144131 361.985402 3.646035 0.125000 2.010945 
480.378522 380.245006 494.518703 381.888987 4.591048 0.125000 7.965522 
374.489466 259.536786 382.706192 266.145696 5.272387 0.125000 7.582304 
483.150426 587.521904 456.891860 588.553973 2.301702 0.125000 6.169775 
901.214126 233.896788 899.623185 244.412548 3.693741 0.125000 1.554684 
365.280493 48.030751 360.796261 64.421853 1.865395 0.125000 3.847364 
422.461576 41.787682 419.810213 61.932281 1.826168 0.125000 1.554684 
534.750447 28.162389 535.337212 41.887303 1.782770 0.125000 1.677102 
127.469037 384.459538 122.158037 343.249619 3.476590 0.125000 27.840592 
500.746550 34.370016 501.413811 50.643910 1.812254 0.125000 5.653544 
276.786959 112.398278 264.169277 113.926893 5.903960 0.125000 12.769649 
353.422915 293.152010 353.838729 269.322020 7.193545 0.125000 30.124294 
361.796322 261.399885 374.567105 259.285071 4.728606 0.125000 2.323872 
145.788368 296.128699 151.160248 321.048535 10.829081 0.125000 57.868516 
359.354160 499.361023 351.435241 511.168408 2.785014 0.125000 6.100363 
606.190091 194.640283 618.716230 185.927864 6.959753 0.125000 8.519321 
103.102936 315.258698 107.449145 344.659690 8.741942 0.125000 48.664559 
885.568709 201.873402 884.964999 223.141747 2.605396 0.125000 6.021738 
602.717450 413.604155 595.898114 407.803901 2.998774 0.125000 0.235004 
213.495780 230.920794 245.868314 241.101297 14.586985 0.125000 131.584006 
447.567220 58.185730 448.882706 43.191476 2.162695 0.125000 2.560122 
939.940208 223.349789 937.024629 246.893530 6.521410 0.125000 22.402804 
44.015303 314.259886 44.871785 320.884010 7.438084 0.125000 0.762458 
329.670012 545.827460 315.353475 566.688659 3.859857 0.125000 31.567391 
737.908488 323.126334 737.881068 344.376298 2.519353 0.125000 5.197440 
363.859564 63.310001 368.006279 46.845100 1.502993 0.125000 0.235004 
285.519013 614.304800 273.650820 632.223274 4.872317 0.125000 18.952188 
185.405251 221.364016 197.107330 224.843675 3.108854 0.125000 4.155799 
247.135174 381.847543 241.325875 326.801034 2.810964 0.125000 34.924124 
173.227851 281.239204 184.335385 301.984755 8.381984 0.125000 34.893005 
370.044402 47.978499 364.925818 68.263987 1.823659 0.062500 0.575083 
735.587341 540.666969 718.436836 525.277480 5.486610 0.125000 22.204445 
558.429641 193.108258 557.261603 171.853754 1.659657 0.125000 0.706750 
887.932881 399.959348 875.539603 395.884743 2.156583 0.062500 0.568455 
423.182544 183.445923 440.788879 180.288945 5.710649 0.125000 9.335273 
440.882217 180.677533 458.081605 178.944362 5.842526 0.125000 8.290603 
174.624403 420.596203 165.234900 339.275713 3.295122 0.125000 52.226004 
518.143470 370.999435 498.099652 370.576605 4.012798 0.125000 17.757048 
271.471108 326.755696 274.136491 345.658631 2.824568 0.125000 5.197440 
473.818172 55.633523 473.492687 34.369372 1.555953 0.125000 0.309544 
402.557916 321.901038 402.343014 306.904118 6.374731 0.125000 7.086466 
444.368437 286.875588 447.386653 320.579181 1.690992 0.125000 13.779700 
470.841945 34.374441 470.896672 55.624300 1.298285 0.125000 1.138094 
333.132407 46.927010 348.183201 44.783697 6.716261 0.125000 12.167549 
657.824651 178.972754 633.384114 197.222022 8.012750 0.125000 42.587235 
159.295571 277.825153 181.950735 279.719034 2.491310 0.125000 14.990593 
565.611274 220.581435 566.275832 239.440162 3.483547 0.125000 6.755407 
284.501171 75.531870 304.535526 73.346877 2.779225 0.125000 11.144631 
928.455056 230.692816 932.600523 210.517236 3.421682 0.125000 2.010945 
578.668237 250.080495 585.365211 241.387879 4.951051 0.125000 11.865803 
448.770669 529.465362 445.977385 549.424317 2.970443 0.125000 1.559699 
580.686466 17.206383 588.385303 15.778380 5.917219 0.062500 0.725119 
600.330344 237.362895 610.613963 243.573507 5.371066 0.125000 7.342574 
896.496162 318.363737 890.598965 278.128816 4.403320 0.125000 38.632458 
351.872373 190.598422 367.094322 189.093732 5.098713 0.125000 4.983049 
463.762072 279.774115 468.535517 302.054852 4.102713 0.125000 10.851632 
877.884297 242.821208 882.888332 259.446236 2.998336 0.125000 0.240933 
0.411463 507.598459 19.763359 499.750360 4.260074 0.125000 14.351941 
750.785022 237.678739 763.287183 235.189591 3.921896 0.125000 8.406312 
911.779203 168.006214 903.423356 174.744954 3.398127 0.125000 3.287267 
608.310397 594.466632 588.224725 591.251914 2.090130 0.125000 1.631015 
152.930870 330.419038 155.182353 341.961344 2.786029 0.062500 0.507047 
51.872642 531.155372 64.372508 531.114415 4.999973 0.125000 1.559699 
77.755009 171.820047 96.983866 177.773370 4.406630 0.125000 6.627963 
924.473574 200.621478 925.099668 218.143771 3.881515 0.125000 2.010945 
532.878509 40.639815 532.050586 26.864447 1.922675 0.125000 0.795055 
711.622707 163.224737 710.868127 151.858859 2.577314 0.062500 0.568455 
944.361587 299.862882 958.135542 300.241550 2.705165 0.125000 2.420167 
10.558223 474.642221 7.436822 459.260986 3.693070 0.125000 11.800611 
78.424877 434.340663 69.253683 354.245761 3.118929 0.125000 74.829044 
473.500710 299.413653 472.450311 275.654829 5.492008 0.125000 22.414645 
708.742453 516.292852 702.645966 509.826644 6.262511 0.062500 2.168880 
233.045819 351.893555 228.620403 333.008908 2.357822 0.125000 8.516498 
132.628587 277.675066 143.944698 296.628235 7.913672 0.125000 23.422298 
450.061702 320.591865 448.434086 286.860086 5.459558 0.125000 46.942067 
561.800936 168.076091 578.069318 167.148467 4.384354 0.125000 10.752906 
736.916093 348.885298 723.158080 347.730793 2.909350 0.125000 6.100363 
611.838767 242.849109 616.136928 261.758638 6.427321 0.125000 7.374016 
816.676651 389.523861 830.503148 391.484363 3.789806 0.125000 0.240933 
616.888979 262.036371 619.156381 279.403542 4.634279 0.125000 6.027739 
238.123633 70.611985 323.105430 61.688625 2.399571 0.125000 82.009304 
833.118832 280.497256 848.144157 279.771717 2.677959 0.125000 1.554684 
911.102872 291.813241 914.183426 315.649758 3.558857 0.125000 17.131472 
286.137408 37.664504 320.781061 50.193479 6.202695 0.125000 41.404380 
162.204812 302.845209 168.996100 280.509792 4.630179 0.125000 21.348070 
780.398743 41.552638 793.475516 32.374401 3.698631 0.125000 0.044195 
42.772940 303.118502 42.722198 315.628436 7.525289 0.125000 7.559580 
348.259337 44.183635 358.256969 42.914971 3.562808 0.125000 2.420167 
509.296840 50.627739 508.595346 30.608519 1.818300 0.125000 5.896734 
583.908318 23.188880 586.137713 39.475921 1.681101 0.125000 0.235004 
39.185522 269.561171 43.381374 302.003508 3.077704 0.125000 34.174245 
858.940151 27.813414 878.196178 24.835211 5.603390 0.125000 5.292083 
339.705777 275.297299 124.144684 231.765480 15.830053 0.125000 1028.468344 
516.977141 127.843675 578.205402 121.387504 2.811774 0.125000 56.804450 
614.234328 680.744661 635.643639 682.943524 1.734207 0.125000 1.554684 
336.964255 266.570211 345.613992 267.066763 4.918087 0.125000 1.554684 
206.462095 309.485872 209.455457 286.885656 4.882873 0.125000 16.755815 
540.636884 376.566553 558.110946 377.239781 5.092540 0.125000 7.821915 
898.486570 226.803418 896.318099 177.983171 7.020384 0.125000 63.216557 
256.936130 78.621173 276.940492 76.156574 2.499074 0.125000 11.429171 
371.922895 187.576936 393.244211 186.122125 3.911487 0.125000 9.546491 
540.593707 170.205430 560.761210 168.701253 5.543983 0.125000 17.277497 
636.000461 35.921055 628.646741 14.198376 2.022524 0.125000 1.322181 
239.605417 330.539651 238.245906 346.780484 2.288364 0.125000 4.328747 
511.796198 25.122309 519.498816 23.914837 4.091931 0.125000 1.677102 
945.650618 204.383405 941.340500 217.519886 2.331750 0.125000 1.677102 
98.519692 298.927136 102.926391 315.109855 11.840026 0.125000 38.871453 
319.398751 48.448217 332.014337 47.521192 6.599619 0.125000 7.250639 
428.068540 137.602373 493.253066 130.560464 2.654253 0.125000 61.944208 
842.146023 119.420291 840.045955 131.987125 4.725580 0.125000 3.363568 
317.552396 352.648457 326.745416 365.716161 2.573748 0.125000 3.257102 
135.376289 451.304956 153.284874 443.491432 3.499089 0.125000 12.689657 
327.162954 214.088855 316.823326 212.150667 5.375012 0.125000 0.515189 
413.074458 36.135828 425.686434 35.273461 4.508712 0.125000 6.743849 
934.345145 365.800588 952.179697 368.832960 4.325526 0.125000 6.491446 
133.542806 433.257982 131.306935 419.266029 2.667872 0.125000 2.404859 
458.182390 178.679378 482.064656 176.207039 5.660785 0.125000 9.430780 
183.844410 408.703442 197.062387 405.053631 5.817755 0.125000 10.949806 
920.602798 158.002387 952.283461 123.500057 3.398868 0.125000 41.439945 
198.581733 219.720998 215.038632 228.035586 7.304532 0.125000 15.595496 
269.548898 639.486648 250.598538 669.002934 4.805064 0.125000 31.159450 
943.007530 126.781200 926.319055 147.681080 3.513550 0.125000 9.616515 
520.541583 23.471574 535.758106 22.066566 5.093750 0.125000 3.795640 
571.976769 499.731532 564.591221 475.945994 2.594720 0.125000 0.961743 
429.247223 648.106079 427.563397 659.476940 2.597426 0.125000 1.677102 
636.243476 647.135353 642.877458 663.227052 1.905711 0.125000 1.554623 
880.756747 289.121613 876.118024 263.826135 8.299998 0.125000 53.048207 
159.772490 298.227267 157.501942 279.299792 3.375502 0.125000 12.689657 
575.309160 246.712678 573.461422 221.849998 3.419541 0.125000 11.750059 
895.165278 345.762732 891.213963 332.574049 7.543234 0.125000 6.003776 
48.034379 343.136655 49.498435 354.519893 4.346973 0.125000 0.762458 
81.393640 272.613560 98.293791 298.012689 3.482288 0.125000 21.795653 
99.753986 274.327240 102.603749 296.940688 3.105541 0.125000 23.915411 
359.322748 44.069398 377.156296 41.020179 6.403170 0.125000 20.965914 
384.750596 241.830142 387.305579 263.222865 3.816491 0.125000 9.286012 
438.244121 124.464125 437.347544 113.087759 2.197647 0.125000 0.235004 
628.143157 163.256569 637.068189 162.024882 5.294827 0.125000 2.739972 
498.823049 46.893821 498.353269 33.117216 1.675274 0.125000 2.041184 
711.300534 340.672562 708.499777 306.843971 3.840351 0.125000 35.779411 
319.367102 463.080286 308.029246 465.082879 3.285259 0.125000 0.797122 
451.777436 32.075903 474.545513 29.958516 6.251747 0.125000 28.390192 
627.134018 667.745677 615.967506 665.970507 3.899746 0.125000 0.309544 
714.296892 135.021601 706.505972 140.604414 6.096380 0.125000 7.582304 
119.459214 306.889123 123.231977 284.392941 4.303203 0.125000 29.832276 
646.244859 238.140003 634.209561 244.037373 5.589990 0.125000 4.407638 
561.904929 19.620678 576.985675 17.783484 6.204132 0.125000 23.732024 
190.696148 339.363580 196.103002 373.048274 3.351957 0.125000 18.302939 
378.100928 40.321950 385.751238 39.714278 2.591128 0.062500 0.536034 
396.970827 39.817067 412.074026 36.543142 7.167389 0.125000 18.601154 
255.107587 329.289035 260.835292 378.100324 2.920005 0.125000 23.493881 
706.471912 141.746480 670.356702 169.019720 8.509862 0.125000 98.193816 
893.967769 334.725777 886.501981 299.453955 5.034268 0.125000 18.703010 
905.760402 153.474888 903.236401 163.468826 3.623002 0.125000 2.420167 
321.900001 58.360589 234.456188 67.640063 4.368385 0.125000 138.999730 
843.954690 324.442184 846.744536 341.895854 2.880694 0.125000 2.122327 
898.696579 160.091127 903.552409 142.551214 5.152258 0.125000 17.574083 
741.214414 366.756287 760.356132 374.999354 5.388667 0.125000 12.156753 
11.669788 269.673359 23.657335 277.918418 4.119629 0.125000 8.508016 
423.552180 224.074600 363.029642 229.575924 13.467400 0.125000 193.990640 
488.214045 133.865762 463.125787 136.881549 3.621598 0.125000 19.727558 
216.753814 391.887761 210.580345 333.261330 3.008955 0.125000 55.192797 
220.425590 335.514812 226.212913 390.694441 2.565078 0.125000 45.797180 
249.284965 384.591498 258.293285 383.806729 6.660354 0.125000 1.559699 
276.860331 79.231819 258.051623 81.158788 2.741776 0.125000 13.209136 
670.330856 169.077830 662.213813 177.220657 9.726911 0.125000 17.017070 
643.122237 344.365091 630.553825 347.869751 2.940696 0.125000 2.420167 
304.424958 76.049133 285.495875 78.278750 3.142330 0.125000 1.559699 
350.711903 515.588129 345.286123 521.567497 4.457072 0.125000 1.554684 
345.613112 146.770976 405.685641 139.905611 2.696754 0.125000 59.758676 
489.206679 28.059812 499.675124 26.720031 7.121952 0.125000 5.449566 
115.042122 286.963873 113.308973 275.596949 2.659851 0.125000 1.677102 
438.102466 33.207095 450.670142 32.964608 6.321178 0.125000 6.027739 
543.112377 21.498962 563.047949 20.829737 7.705468 0.125000 23.020445 
493.986358 274.741240 496.440602 285.722089 5.152260 0.125000 4.734047 
121.447576 437.733898 137.884820 433.452825 4.838582 0.125000 6.027739 
594.297138 206.129262 512.761377 214.642316 14.359321 0.125000 315.848836 
663.788121 235.562881 665.667114 255.621055 2.372516 0.125000 7.544418 
704.221271 106.587101 740.238245 73.712327 8.346383 0.125000 129.984132 
720.592099 525.074299 734.370411 525.722544 2.849709 0.125000 0.797122 
389.292359 45.606333 384.751287 65.709997 1.810280 0.125000 1.554684 
427.157419 35.806386 437.257494 33.813592 6.373753 0.125000 1.393034 
959.371214 384.713414 943.137230 384.531796 2.625695 0.125000 5.214211 
50.125839 455.411334 59.479087 453.690867 5.143635 0.125000 2.739972 
922.502441 184.366190 922.186806 161.888174 3.819833 0.125000 4.740650 
840.620015 185.481444 825.594727 186.003196 2.975674 0.125000 2.925856 
930.352081 315.632563 930.802043 331.870094 2.845298 0.125000 1.794544 
266.963183 378.802809 274.498269 377.822490 5.280748 0.125000 1.631015 
63.786194 317.906726 67.461520 286.944622 3.933723 0.125000 36.448766 
579.357605 124.195791 553.112220 126.743337 3.165129 0.125000 22.056634 
7.428800 458.045246 -0.105208 405.730159 2.652649 0.125000 48.800812 
766.481927 352.667943 773.057117 345.562186 6.997251 0.125000 0.961743 
24.115524 278.283483 38.755805 302.253194 4.797257 0.125000 28.533416 
769.680292 95.574310 731.607188 123.227293 11.306174 0.125000 141.556846 
936.124288 401.840619 959.461071 406.438106 4.627375 0.125000 14.723779 
425.569976 665.681733 426.381192 684.342126 2.767909 0.125000 2.122327 
404.336661 142.805497 375.551158 146.259625 2.780045 0.125000 22.056634 
458.156403 137.167363 434.279086 139.732036 3.019683 0.125000 17.825808 
705.507898 278.134495 702.160651 236.851839 2.929574 0.125000 32.289370 
457.320414 71.949489 459.636518 96.966515 2.719821 0.125000 25.521523 
318.136390 65.735303 239.450926 73.860296 4.851984 0.125000 165.742508 
462.704106 96.792188 460.083419 70.554242 3.110264 0.125000 23.894308 
580.809922 653.732948 605.432845 646.243276 1.869325 0.125000 4.240916 
811.083138 65.102688 801.103792 71.385494 7.952990 0.125000 11.349831 
548.167921 127.240791 524.306430 130.040607 3.287436 0.125000 18.605956 
152.881628 419.334764 162.014046 417.612154 5.145053 0.125000 2.739972 
947.398368 135.179946 940.000593 147.258169 2.427474 0.125000 1.554623 
311.868179 666.468176 330.633862 666.153521 1.543216 0.125000 2.467563 
518.257984 230.612387 520.876509 258.219706 3.379151 0.125000 7.980060 
731.373814 123.620822 721.265246 130.338434 9.007246 0.125000 29.714898 
68.031533 287.272072 76.407814 274.078397 5.561105 0.125000 10.317446 
841.597745 204.504968 828.033376 206.091779 4.596036 0.125000 2.323872 
184.725480 281.838990 186.390709 298.046327 2.486908 0.125000 8.362814 
497.996021 477.424580 511.962955 474.852639 3.117118 0.125000 2.584080 
918.551351 308.125072 918.547996 328.125071 3.750419 0.125000 8.008513 
370.602688 146.679910 345.502121 149.550559 2.873525 0.125000 17.764729 
500.618683 25.797690 509.385161 25.836616 5.033253 0.125000 1.322181 
533.046987 678.706573 549.366467 676.801892 2.255918 0.125000 3.444029 
549.850737 74.461884 548.295884 60.605824 3.599555 0.125000 5.907380 
824.646880 311.984496 818.835366 326.414514 5.797490 0.125000 13.191124 
76.557931 203.279437 129.197017 215.163363 8.574039 0.125000 114.695497 
457.966802 459.269994 459.538257 475.609298 2.123771 0.125000 2.560122 
886.308147 322.961267 881.571344 303.197779 2.380942 0.125000 1.926545 
496.744973 621.356526 507.919145 618.554171 3.012358 0.125000 0.690777 
605.593299 203.022275 593.208274 206.844282 10.661141 0.125000 18.984719 
795.934223 75.555749 769.194252 94.624411 10.177303 0.125000 79.107341 
918.340671 256.869371 918.408702 244.369741 2.520336 0.125000 1.677102 
459.374951 668.116825 440.625618 668.228630 0.721877 0.062500 0.590165 
678.149306 601.670518 694.612444 603.627463 3.637126 0.125000 3.091997 
475.314694 29.763470 484.598974 28.399072 6.547075 0.125000 10.953820 
873.136076 243.124734 872.416857 213.141987 3.958754 0.125000 7.025139 
262.679963 518.826829 278.271751 514.967949 2.702576 0.125000 0.309544 
344.632246 658.898264 365.636824 651.910543 2.769097 0.125000 1.092787 
877.437044 263.694753 873.796032 251.310223 7.900626 0.125000 17.363675 
937.233462 273.148754 938.063652 260.620935 1.908492 0.125000 2.041184 
441.581595 589.329299 444.302082 571.863642 2.085448 0.125000 0.706750 
123.677626 285.143915 128.795445 277.725193 4.187253 0.125000 1.554684 
147.162661 278.095464 148.839806 294.429951 2.869944 0.125000 12.878264 
604.403062 649.466608 589.289631 654.096317 2.691239 0.125000 1.631015 
923.655414 186.843872 924.468149 200.692890 2.276014 0.125000 0.795055 
175.427308 226.316415 193.256731 231.414281 7.036561 0.125000 39.841788 
641.231171 314.351279 641.768416 328.080256 2.742477 0.062500 2.162252 
877.500210 203.080153 878.672661 219.425379 2.851326 0.125000 11.429171 
918.166171 365.622378 917.606221 356.828440 4.989895 0.125000 0.938302 
215.277566 285.376490 222.756190 312.538205 7.772424 0.125000 21.856095 
579.367423 679.352387 594.359654 674.329199 2.305724 0.125000 2.560122 
902.378423 125.683469 901.215806 135.693618 2.339097 0.062500 1.766377 
354.384870 636.404725 341.864150 636.141943 2.525679 0.125000 1.677102 
491.808101 118.132770 490.502139 106.889271 1.962758 0.062500 0.590165 
513.945287 215.303776 422.395838 224.966715 14.454538 0.125000 373.824610 
97.701871 345.685989 93.691525 317.863168 3.711642 0.125000 23.276296 
685.397192 332.863738 676.001270 341.056526 1.960149 0.125000 0.235004 
965.484870 124.011256 950.746069 129.689266 5.564469 0.125000 10.317446 
773.180897 628.455792 748.053483 632.701768 2.707507 0.125000 15.237441 
486.853987 666.608071 468.121671 668.082710 1.736637 0.125000 0.795055 
182.982883 334.156990 176.639527 301.921337 3.418349 0.125000 26.565256 
36.664336 193.438513 51.727716 195.468119 9.673124 0.125000 7.900651 
349.738092 266.957361 347.530075 243.180247 1.884629 0.125000 1.759707 
37.130804 353.096265 34.449470 329.226222 3.726563 0.125000 13.191124 
141.894622 554.505958 128.080176 556.575843 4.079053 0.125000 0.044195 
495.624795 506.876272 505.764231 508.511881 2.663057 0.125000 0.235004 
395.381830 265.769789 392.945287 240.642426 3.611849 0.125000 19.727558 
605.713495 665.977770 587.774526 670.477898 2.112334 0.125000 0.797122 
951.251086 152.296585 941.654852 148.714819 4.636671 0.125000 0.309544 
356.086472 601.812389 356.592161 615.635347 1.826795 0.125000 0.690777 
250.184624 229.416986 247.434476 200.571659 3.261212 0.125000 6.831908 
287.645549 598.129739 287.587299 576.873048 2.496565 0.125000 0.515189 
904.379740 139.594584 907.287624 122.978456 4.124822 0.125000 20.832881 
209.689103 328.232868 207.649400 310.535746 2.717295 0.125000 0.762458 
911.344823 107.398390 916.182594 89.191025 5.626090 0.125000 18.374347 
335.572741 647.480167 309.292739 649.609963 3.602522 0.125000 14.769433 
893.507776 182.060229 886.440509 196.664746 1.536755 0.125000 0.235004 
129.582839 214.777429 175.233457 225.971723 9.712257 0.125000 95.759164 
192.459664 231.543152 213.583470 235.904380 6.413195 0.125000 50.545399 
310.669743 642.009597 329.799053 635.650659 3.949591 0.125000 12.368104 
476.814187 686.310667 488.201357 685.083578 2.217759 0.062500 2.016367 
883.226564 401.724292 898.176183 411.799051 5.250525 0.125000 8.414785 
934.367860 421.898490 952.126872 427.296336 4.104104 0.125000 4.983049 
80.582158 436.224632 93.192123 435.393963 4.234877 0.125000 2.122327 
608.130389 641.709777 595.602946 641.301208 3.326736 0.125000 1.631015 
205.654774 548.856122 224.373730 548.093814 2.650517 0.125000 5.836667 
339.324445 624.515561 358.149276 623.657745 3.746113 0.125000 1.599145 
360.569881 601.874545 360.735091 581.865588 1.250000 0.125000 0.235004 
884.914542 300.022859 882.578976 288.233169 5.899582 0.125000 11.234757 
124.926835 232.890612 67.010743 221.202384 14.478496 0.125000 284.344694 
768.221250 341.673402 758.077232 342.604685 4.864784 0.125000 1.322181 
366.889271 669.577189 408.110363 666.667630 1.760226 0.125000 17.825808 
703.082493 361.066612 736.870528 359.289945 2.365276 0.125000 18.605956 
233.258222 538.413594 221.130436 544.012079 2.577543 0.125000 1.554623 
880.950803 216.733495 884.589791 192.966498 3.984674 0.125000 11.616027 
791.372104 652.287475 781.331354 640.045648 2.725695 0.125000 1.631015 
719.232944 665.728845 729.266444 679.454356 2.832574 0.125000 1.926545 
93.089755 347.782245 70.570795 350.097870 2.359023 0.125000 1.549720 
125.610626 346.750296 146.866385 344.300258 2.054157 0.125000 6.987150 
5.636077 360.721472 40.605628 356.706281 1.954779 0.125000 17.956711 
500.680043 678.740255 470.585423 681.432614 1.710367 0.125000 6.021738 
66.672467 221.743930 32.678666 215.590852 12.172323 0.125000 95.552397 
469.398922 679.589392 505.754198 675.532910 2.196894 0.125000 8.792897 
31.007502 458.855599 49.781504 455.229882 10.013407 0.125000 38.078549 
486.961577 469.126597 471.858327 470.432113 2.275417 0.125000 0.690777 
849.418808 60.044728 814.323676 62.340378 4.126486 0.125000 45.780553 
749.456596 629.781949 769.406449 625.781845 3.185330 0.125000 1.393034 
885.455664 192.357078 890.678604 180.648912 2.792374 0.125000 3.444029 
608.090512 657.833903 581.911787 660.935498 2.270798 0.125000 1.794544 
779.216539 410.211609 787.009010 407.224605 3.051593 0.125000 0.235004 
435.030722 104.290261 434.478462 91.870399 3.968408 0.125000 5.836667 
729.448967 578.732330 698.205680 582.537449 2.179421 0.125000 8.779593 
61.948551 462.371404 73.751104 455.441310 7.921283 0.125000 7.043594 
0.011191 483.525077 15.513554 478.993727 5.795968 0.125000 14.769433 
344.381980 628.229246 326.793441 629.406988 2.494414 0.125000 4.147856 
393.167806 514.739012 375.616525 516.802930 2.190920 0.125000 3.287267 
573.207064 218.926457 603.149122 215.860581 2.075253 0.125000 17.084183 
52.709328 197.419225 71.516624 201.776356 9.281315 0.125000 33.984983 
720.145689 129.982285 714.326705 137.367003 8.420025 0.125000 8.255741 
866.455698 196.898292 865.825004 185.544454 1.938557 0.125000 1.138094 
966.920796 401.559487 945.576174 398.461391 5.327076 0.125000 16.521149 
265.849105 328.086440 261.563457 303.178604 3.483733 0.125000 2.884260 
580.681278 658.621490 605.643920 655.791916 1.780148 0.125000 7.874527 
174.316223 407.739239 184.461609 406.193430 3.458783 0.125000 2.420167 
32.111864 214.391998 0.352982 208.290994 6.422055 0.125000 44.507289 
108.586627 351.493060 112.012185 366.844388 3.518807 0.125000 3.732553 
145.114684 340.535484 142.693140 320.525989 2.932428 0.125000 17.665233 
373.056069 656.063447 409.362654 652.979647 1.538909 0.125000 10.999281 
906.312382 309.106699 902.429416 299.158599 6.475794 0.125000 0.157412 
335.538585 536.826613 331.147984 544.667839 4.973348 0.125000 1.116323 
858.262940 67.374932 836.593279 73.353967 5.484841 0.125000 15.863171 
142.365440 319.607893 134.041683 292.460662 3.776837 0.125000 15.217148 
668.097859 617.815830 648.141916 619.567698 1.354524 0.125000 1.138094 
855.721783 378.858446 815.720789 371.363751 4.609352 0.125000 38.341694 
340.666216 662.431085 358.070606 661.141117 3.462562 0.125000 0.799719 
725.537922 366.246037 739.538737 364.307674 5.295605 0.125000 8.008513 
363.418942 579.386329 361.973940 616.878813 1.971182 0.125000 16.054840 
23.095832 356.613864 0.597282 359.126847 2.074812 0.125000 0.525658 
718.120738 560.594374 739.308357 557.646079 1.614743 0.125000 2.560122 
739.392457 649.530727 720.598385 651.637587 2.077753 0.062500 0.575083 
222.652753 313.077617 223.273597 323.268255 7.562133 0.125000 6.491446 
529.545969 251.961529 527.729232 229.306498 3.538164 0.125000 4.421947 
356.723920 650.253168 346.397194 654.449041 4.632233 0.125000 0.762458 
84.634448 461.909100 86.614913 446.840816 3.119584 0.125000 1.759707 
619.423640 567.193642 638.119617 564.339734 1.528246 0.125000 1.138094 
870.574899 59.506467 850.559067 60.403009 6.187806 0.125000 20.880929 
247.423554 318.283847 242.541228 296.724129 4.324365 0.125000 2.539077 
74.408590 352.170892 105.681277 348.620734 1.920054 0.125000 13.601789 
9.327227 457.638816 29.500924 455.656512 2.998595 0.125000 17.665233 
446.862452 385.507200 460.589838 384.044913 2.876119 0.125000 0.706750 
329.382835 591.986836 311.881159 593.212913 2.581242 0.125000 1.759707 
251.950603 334.828449 244.045130 336.146517 3.279513 0.125000 1.138094 
613.647508 581.811961 612.161067 569.491295 2.482002 0.125000 0.795055 
227.413908 335.557722 233.963398 388.020333 2.792019 0.125000 42.523707 
391.910545 237.243101 409.368464 235.557311 2.007846 0.125000 2.560122 
963.140514 54.302885 949.484686 51.365137 4.191916 0.125000 3.933105 
364.018883 230.531582 347.127183 232.096703 10.625386 0.125000 16.996903 
720.606218 657.825859 733.135309 657.039185 1.870087 0.125000 1.138094 
381.869475 558.013813 400.635254 557.081368 2.745056 0.125000 9.391692 
400.599678 665.331876 379.399902 667.163263 1.250000 0.125000 0.235004 
748.266166 606.200051 740.522437 606.799022 3.931629 0.125000 3.444029 
151.942705 349.961703 125.468267 353.016811 3.725278 0.125000 27.110998 
741.887293 589.470869 720.507965 592.212287 4.196494 0.125000 14.554505 
189.261287 343.120569 168.072092 345.041346 4.298929 0.125000 26.369430 
11.838745 276.916939 22.606192 286.225141 3.093220 0.125000 11.072084 
33.874327 328.296537 21.829470 293.140599 4.423692 0.125000 34.801471 
136.873140 420.707602 149.374860 420.725047 7.508714 0.125000 4.291169 
46.843169 362.821128 0.577087 367.667607 2.616623 0.125000 34.763823 
321.907250 659.628062 304.392917 659.376683 3.785492 0.125000 7.342574 
906.850805 122.236623 910.304247 110.530375 4.657824 0.125000 12.733323 
919.973226 329.231038 919.018139 341.847986 5.268796 0.125000 2.441440 
708.079843 620.800742 728.046332 625.931158 3.043512 0.125000 2.323872 
36.920420 271.116779 15.597178 269.839455 1.748080 0.062500 3.762690 
52.016468 647.409974 39.035359 644.841661 2.531520 0.125000 0.706750 
84.018398 284.600579 91.244527 296.023825 2.564969 0.125000 4.750454 
698.129780 593.173955 683.150535 594.636522 1.851443 0.125000 0.235004 
105.636744 350.722307 71.925202 354.790961 1.540546 0.125000 13.209136 
419.430659 506.033159 401.866532 506.622726 3.999496 0.125000 0.461794 
729.393830 357.357317 704.383150 358.333764 1.639163 0.125000 4.155799 
758.203078 581.492678 738.140567 583.298001 1.817769 0.062500 0.507047 
106.854854 354.231299 71.842053 359.139995 2.626287 0.125000 22.889818 
255.497026 569.088198 271.374557 562.003462 3.695457 0.125000 0.649924 
22.456127 286.510791 31.463527 300.882882 3.319074 0.125000 3.933105 
740.473631 359.146582 760.587675 362.126902 2.930651 0.125000 5.742188 
810.617883 364.473700 845.705853 367.003644 3.998206 0.125000 15.419855 
46.934078 358.695716 0.662320 363.485530 1.758180 0.125000 27.914418 
709.354018 666.509198 681.872735 668.085504 1.319530 0.125000 6.556634 
410.530546 108.248696 409.027033 91.907015 2.489486 0.125000 5.025654 
343.909807 263.157659 342.762320 246.812706 2.931562 0.125000 0.762458 
589.536782 634.890986 606.897775 629.447637 1.779205 0.125000 2.560122 
691.891567 575.724868 669.186935 579.491321 2.273234 0.125000 3.732553 
780.608418 662.755496 796.937724 662.022679 2.777688 0.125000 0.120096 
176.439492 413.428373 183.496200 410.181847 3.838494 0.125000 1.138094 
93.505561 316.729659 82.907805 288.980558 4.160384 0.125000 25.740409 
249.736963 179.469887 238.767365 76.806363 2.741271 0.125000 62.948707 
409.325196 265.128008 426.775223 263.379326 3.609294 0.125000 10.953820 
41.351350 637.212597 56.412279 628.568760 4.958758 0.125000 5.889011 
143.177765 342.440491 124.473971 344.185697 2.057504 0.125000 4.155799 
406.853274 651.601826 373.117835 654.284913 1.444272 0.125000 9.391692 
928.411672 160.749782 930.800326 179.190374 3.121583 0.125000 0.044195 
661.208006 672.997559 664.190591 686.642070 2.328809 0.125000 2.560122 
176.368131 302.847344 171.810497 290.649100 3.075316 0.125000 0.797122 
695.629007 599.316792 679.369998 598.197669 2.579934 0.062500 0.575083 
630.624330 569.366311 654.329842 567.539130 1.342366 0.125000 1.677102 
716.885733 584.268479 738.046850 586.400620 3.856421 0.125000 9.034386 
43.391987 467.657610 13.081664 477.997971 2.741957 0.125000 9.546491 
319.361703 675.233251 335.635382 674.680871 1.715730 0.125000 6.556634 
806.300271 52.400135 624.262842 196.733544 4.038202 0.125000 235.709715 
21.105397 292.696555 8.737379 278.828845 3.227118 0.125000 6.987350 
350.609824 241.719869 381.926959 238.656116 1.514471 0.125000 3.411212 
615.507429 576.927885 624.462244 596.835757 3.076670 0.125000 1.278372 
665.565607 642.309755 693.101590 640.303671 1.675960 0.125000 9.265904 
0.674825 333.119265 3.405628 356.842697 4.395426 0.125000 14.209886 
483.813800 245.519242 485.558919 256.885146 1.994329 0.062500 4.148394 
753.495075 145.611430 754.137598 163.133705 2.727348 0.125000 2.584080 
259.186099 115.645969 257.373803 99.319631 3.451291 0.031250 1.975668 
726.984348 681.895574 708.158629 683.515755 1.758611 0.125000 0.795055 
359.470004 580.305142 340.660880 582.226290 1.851995 0.125000 3.847364 
515.633136 61.952852 539.514211 59.457032 2.764100 0.125000 14.376598 
535.548630 253.305233 561.843095 251.428080 3.205738 0.125000 32.861121 
635.596487 539.055977 608.092745 541.514105 1.467586 0.125000 5.025654 
763.032754 656.203992 784.394562 653.267299 1.872655 0.125000 0.797122 
223.510217 389.464139 216.278742 319.307615 2.230491 0.125000 32.220395 
464.490001 67.855973 488.207130 65.075583 2.705697 0.125000 17.302063 
684.746206 44.338761 687.803552 75.656381 2.002362 0.125000 23.715344 
353.167640 672.407989 339.206986 673.524853 4.685028 0.125000 5.963790 
343.050977 82.460596 365.550231 79.953897 3.318453 0.125000 11.386611 
586.842302 88.127970 585.593323 74.377877 1.923338 0.125000 1.138094 
763.340450 359.363188 743.077472 355.903355 2.704886 0.125000 2.577248 
133.700405 292.382673 127.837163 284.591614 2.759407 0.125000 1.138094 
378.145477 649.622214 400.594990 647.762699 1.250000 0.125000 0.235004 
410.610772 606.671423 391.864974 607.981541 1.769848 0.125000 1.677102 
656.351295 684.406223 655.154257 664.328540 1.974815 0.125000 6.987150 
51.214448 364.296463 56.723648 405.645166 2.229579 0.125000 28.008288 
462.932776 63.591298 451.742781 66.335939 2.647308 0.125000 2.944274 
131.697316 418.144622 128.091359 385.490678 2.088530 0.125000 10.414316 
201.831096 331.881313 198.962989 311.934241 1.770984 0.125000 1.554623 
688.136004 677.320157 675.612757 677.629722 1.558514 0.125000 1.677102 
661.880129 479.516155 645.651555 480.105830 1.657682 0.125000 2.041184 
155.810103 349.484471 159.269439 383.135852 2.266050 0.125000 12.368104 
499.314533 642.645094 514.390194 640.745589 1.708981 0.125000 2.041184 
464.592022 269.368725 464.880908 279.360373 2.607333 0.125000 0.235004 
379.280280 78.747407 400.610381 75.528139 2.845094 0.125000 7.807269 
405.621596 70.597056 348.062009 77.607835 3.117955 0.125000 43.897122 
560.696277 52.500530 509.540741 58.329549 3.379457 0.125000 48.117513 
265.852837 375.601641 264.064312 358.156853 1.370970 0.031250 7.459724 
429.256491 71.973687 451.902549 69.642642 2.358869 0.125000 14.990593 
450.629846 65.683407 426.733214 67.666145 3.117004 0.125000 3.937934 
111.734227 367.983179 116.217626 403.049229 2.004225 0.125000 11.937981 
274.850076 351.843780 275.918757 368.105695 1.411248 0.062500 1.766377 
476.997949 263.073792 448.039749 266.043774 2.869551 0.125000 14.163512 
490.618852 79.328598 473.095224 81.650252 1.895869 0.125000 0.690777 
631.882414 506.382713 619.366428 506.194228 1.419259 0.125000 0.235004 
